"F1_D16_15,02 mm_2,5 MHz_00002_results"
***** findmax *****
max #0 = 1.8449000e-05,0.020775911
max #1 = 2.3128500e-05,0.018734243
max #2 = 2.7799000e-05,0.016811457
max #3 = 3.2477500e-05,0.014756867
max #4 = 3.7148000e-05,0.012945210
max #5 = 4.1829000e-05,0.011226590
max #6 = 4.6507500e-05,0.0096035932
max #7 = 5.1192000e-05,0.0084406177
max #8 = 5.5867500e-05,0.0070889818


velocity:
              0              1              2              3              4              5              6              7              8
0      0.0000000      6387.5807      6399.3358      6401.0358      6405.2340      6405.2498      6406.0499      6405.6042      6406.9102
1      0.0000000      0.0000000      6415.2536      6412.2884      6415.8240      6414.4130      6414.4739      6413.2812      6414.2749
2      0.0000000      0.0000000      0.0000000      6410.1534      6417.0445      6415.1065      6415.2623      6413.8631      6415.0746
3      0.0000000      0.0000000      0.0000000      0.0000000      6424.2020      6417.8746      6417.2754      6415.1084      6416.3807
4      0.0000000      0.0000000      0.0000000      0.0000000      0.0000000      6411.6520      6413.9300      6412.2069      6414.5601
5      0.0000000      0.0000000      0.0000000      0.0000000      0.0000000      0.0000000      6416.2534      6412.5387      6415.5920
6      0.0000000      0.0000000      0.0000000      0.0000000      0.0000000      0.0000000      0.0000000      6408.8512      6415.2913
7      0.0000000      0.0000000      0.0000000      0.0000000      0.0000000      0.0000000      0.0000000      0.0000000      6421.7586
8      0.0000000      0.0000000      0.0000000      0.0000000      0.0000000      0.0000000      0.0000000      0.0000000      0.0000000

average velocity: 
6412.1330


attenuation:
              0              1              2              3              4              5              6              7              8
0      0.0000000      2.6420349      9.0699125      18.600629      17.228195      15.511298      14.890167      13.541759      14.425731
1      0.0000000      0.0000000      15.938538      26.673568      22.119865      18.736789      17.342687      15.358900      16.110369
2      0.0000000      0.0000000      0.0000000      37.502433      25.187380      19.667010      17.689797      15.246037      16.136361
3      0.0000000      0.0000000      0.0000000      0.0000000      12.888089      10.759931      11.095590      9.6878288      11.870802
4      0.0000000      0.0000000      0.0000000      0.0000000      0.0000000      8.5967300      10.174779      8.5964574      11.599003
5      0.0000000      0.0000000      0.0000000      0.0000000      0.0000000      0.0000000      11.759349      8.5971632      12.603755
6      0.0000000      0.0000000      0.0000000      0.0000000      0.0000000      0.0000000      0.0000000      5.4289990      13.025209
7      0.0000000      0.0000000      0.0000000      0.0000000      0.0000000      0.0000000      0.0000000      0.0000000      20.627325
8      0.0000000      0.0000000      0.0000000      0.0000000      0.0000000      0.0000000      0.0000000      0.0000000      0.0000000

average attenuation coefficient: 
14.914735


attenuation coefficient (method 1): 
14.572758


attenuation coefficient (method 2): 
13.798380


***** autocorrelation *****
max #0 = 0.0000000,0.020775911
max #1 = 4.6770000e-06,0.018674802
max #2 = 9.3515000e-06,0.016721003
max #3 = 1.4029500e-05,0.014705179
max #4 = 1.8707000e-05,0.012934872
max #5 = 2.3384500e-05,0.011102539
max #6 = 2.8063500e-05,0.0095312303
max #7 = 3.2741500e-05,0.0083708392
max #8 = 3.7418500e-05,0.0070889818


velocity:
              0              1              2              3              4              5              6              7              8
0      0.0000000      6390.9581      6398.3183      6400.5830      6402.5131      6404.0246      6404.9148      6405.8962      6406.9102
1      0.0000000      0.0000000      6409.7918      6409.8986      6411.0394      6412.0203      6412.4225      6413.0532      6413.7863
2      0.0000000      0.0000000      0.0000000      6410.8365      6412.5974      6413.7381      6414.0648      6414.6843      6415.4169
3      0.0000000      0.0000000      0.0000000      0.0000000      6414.6075      6415.4777      6415.4492      6415.9642      6416.6547
4      0.0000000      0.0000000      0.0000000      0.0000000      0.0000000      6416.4423      6415.9837      6416.5419      6417.2995
5      0.0000000      0.0000000      0.0000000      0.0000000      0.0000000      0.0000000      6415.5685      6416.6461      6417.6470
6      0.0000000      0.0000000      0.0000000      0.0000000      0.0000000      0.0000000      0.0000000      6417.7473      6418.7169
7      0.0000000      0.0000000      0.0000000      0.0000000      0.0000000      0.0000000      0.0000000      0.0000000      6419.7007
8      0.0000000      0.0000000      0.0000000      0.0000000      0.0000000      0.0000000      0.0000000      0.0000000      0.0000000

average velocity: 
6411.8865


attenuation:
              0              1              2              3              4              5              6              7              8
0      0.0000000      3.5274600      9.8444705      18.939538      17.297934      16.159975      15.260224      13.883312      14.425731
1      0.0000000      0.0000000      16.467938      26.715560      21.903209      19.319405      17.604387      15.606659      15.980807
2      0.0000000      0.0000000      0.0000000      36.946421      24.585996      20.234247      17.858569      15.407048      15.873811
3      0.0000000      0.0000000      0.0000000      0.0000000      12.227206      11.883185      11.501345      10.028402      11.666288
4      0.0000000      0.0000000      0.0000000      0.0000000      0.0000000      11.543208      11.140657      9.2984457      11.529951
5      0.0000000      0.0000000      0.0000000      0.0000000      0.0000000      0.0000000      10.736565      8.1760543      11.526575
6      0.0000000      0.0000000      0.0000000      0.0000000      0.0000000      0.0000000      0.0000000      5.6171937      11.923641
7      0.0000000      0.0000000      0.0000000      0.0000000      0.0000000      0.0000000      0.0000000      0.0000000      18.230951
8      0.0000000      0.0000000      0.0000000      0.0000000      0.0000000      0.0000000      0.0000000      0.0000000      0.0000000

average attenuation coeffficient: 
15.024232


attenuation coefficient (method 1): 
14.704888


attenuation coefficient (method 2): 
13.985174


