"F1_D16_15,02 mm_2,5 MHz_00003_results"
***** findmax *****
max #0 = 1.8453500e-05,0.020889624
max #1 = 2.3128000e-05,0.018760087
max #2 = 2.7801500e-05,0.016801119
max #3 = 3.2473000e-05,0.014754283
max #4 = 3.7156000e-05,0.012947794
max #5 = 4.1831000e-05,0.011249850
max #6 = 4.6506500e-05,0.0096165152
max #7 = 5.1193500e-05,0.0085646685
max #8 = 5.5869500e-05,0.0072259544


velocity:
              0              1              2              3              4              5              6              7              8
0      0.0000000      6394.3392      6400.6929      6405.1141      6404.0433      6405.9307      6407.2990      6406.1882      6407.3363
1      0.0000000      0.0000000      6411.1563      6415.0217      6411.9502      6413.5582      6414.6107      6412.8253      6413.7863
2      0.0000000      0.0000000      0.0000000      6419.7300      6413.2812      6415.3346      6416.4604      6414.1368      6415.1887
3      0.0000000      0.0000000      0.0000000      0.0000000      6407.0890      6413.4247      6415.6775      6413.0553      6414.6006
4      0.0000000      0.0000000      0.0000000      0.0000000      0.0000000      6419.8684      6420.0951      6415.1723      6416.6144
5      0.0000000      0.0000000      0.0000000      0.0000000      0.0000000      0.0000000      6420.3653      6412.8807      6415.5920
6      0.0000000      0.0000000      0.0000000      0.0000000      0.0000000      0.0000000      0.0000000      6405.4362      6413.2376
7      0.0000000      0.0000000      0.0000000      0.0000000      0.0000000      0.0000000      0.0000000      0.0000000      6421.0725
8      0.0000000      0.0000000      0.0000000      0.0000000      0.0000000      0.0000000      0.0000000      0.0000000      0.0000000

average velocity: 
6412.2824


attenuation:
              0              1              2              3              4              5              6              7              8
0      0.0000000      3.7549477      9.9552074      19.137091      17.613574      15.703858      15.082293      13.161879      13.929506
1      0.0000000      0.0000000      16.431219      26.904868      22.243722      18.690093      17.344109      14.723947      15.378514
2      0.0000000      0.0000000      0.0000000      37.226127      25.122980      19.405524      17.536110      14.364394      15.183610
3      0.0000000      0.0000000      0.0000000      0.0000000      12.998804      10.480242      10.962200      8.6345935      10.764405
4      0.0000000      0.0000000      0.0000000      0.0000000      0.0000000      7.9955348      9.9729634      7.1950536      10.221573
5      0.0000000      0.0000000      0.0000000      0.0000000      0.0000000      0.0000000      11.950866      6.7858505      10.958729
6      0.0000000      0.0000000      0.0000000      0.0000000      0.0000000      0.0000000      0.0000000      1.6088788      10.457702
7      0.0000000      0.0000000      0.0000000      0.0000000      0.0000000      0.0000000      0.0000000      0.0000000      19.313697
8      0.0000000      0.0000000      0.0000000      0.0000000      0.0000000      0.0000000      0.0000000      0.0000000      0.0000000

average attenuation coefficient: 
14.422074


attenuation coefficient (method 1): 
14.086536


attenuation coefficient (method 2): 
13.481067


***** autocorrelation *****
max #0 = 0.0000000,0.020889624
max #1 = 4.6755000e-06,0.018713568
max #2 = 9.3525000e-06,0.016741678
max #3 = 1.4029500e-05,0.014681920
max #4 = 1.8706500e-05,0.012800484
max #5 = 2.3384500e-05,0.011048267
max #6 = 2.8064000e-05,0.0095208928
max #7 = 3.2741500e-05,0.0084871368
max #8 = 3.7418500e-05,0.0070372940


velocity:
              0              1              2              3              4              5              6              7              8
0      0.0000000      6392.9863      6397.6402      6400.5830      6402.6831      6404.0246      6404.8013      6405.8962      6406.9102
1      0.0000000      0.0000000      6406.3828      6408.8750      6410.5841      6411.5078      6411.8757      6412.7113      6413.4932
2      0.0000000      0.0000000      0.0000000      6412.2031      6413.6231      6414.1942      6414.2358      6414.9581      6415.6451
3      0.0000000      0.0000000      0.0000000      0.0000000      6415.2919      6415.4777      6415.2210      6415.9642      6416.6547
4      0.0000000      0.0000000      0.0000000      0.0000000      0.0000000      6415.7576      6415.2990      6416.3136      6417.1282
5      0.0000000      0.0000000      0.0000000      0.0000000      0.0000000      0.0000000      6414.8839      6416.6461      6417.6470
6      0.0000000      0.0000000      0.0000000      0.0000000      0.0000000      0.0000000      0.0000000      6418.4327      6419.0597
7      0.0000000      0.0000000      0.0000000      0.0000000      0.0000000      0.0000000      0.0000000      0.0000000      6419.7007
8      0.0000000      0.0000000      0.0000000      0.0000000      0.0000000      0.0000000      0.0000000      0.0000000      0.0000000

average velocity: 
6411.8137


attenuation:
              0              1              2              3              4              5              6              7              8
0      0.0000000      4.4861259      10.451351      19.618191      18.446700      16.759002      15.576120      13.538852      14.887509
1      0.0000000      0.0000000      16.640599      27.241702      23.110879      19.825482      17.789218      15.042962      16.369767
2      0.0000000      0.0000000      0.0000000      37.740164      26.259996      20.820205      18.024620      14.678258      16.284313
3      0.0000000      0.0000000      0.0000000      0.0000000      14.780549      12.362773      11.455240      8.9166064      11.997940
4      0.0000000      0.0000000      0.0000000      0.0000000      0.0000000      9.9453173      9.7916731      6.9631277      11.304696
5      0.0000000      0.0000000      0.0000000      0.0000000      0.0000000      0.0000000      9.6364882      5.4728755      11.759602
6      0.0000000      0.0000000      0.0000000      0.0000000      0.0000000      0.0000000      0.0000000      1.3120043      12.823923
7      0.0000000      0.0000000      0.0000000      0.0000000      0.0000000      0.0000000      0.0000000      0.0000000      24.336390
8      0.0000000      0.0000000      0.0000000      0.0000000      0.0000000      0.0000000      0.0000000      0.0000000      0.0000000

average attenuation coeffficient: 
15.179201


attenuation coefficient (method 1): 
14.820429


attenuation coefficient (method 2): 
14.179884


