"F1_D16_15,02 mm_2,5 MHz_00008_results"
***** findmax *****
max #0 = 2.4175000e-06,0.028310591
max #1 = 7.0900000e-06,0.025808911
max #2 = 1.1765000e-05,0.023643200
max #3 = 1.6439000e-05,0.021788908
max #4 = 2.1115000e-05,0.019487517
max #5 = 2.5790000e-05,0.017587998
max #6 = 3.0467000e-05,0.015552799
max #7 = 3.5140000e-05,0.013650695
max #8 = 3.9818000e-05,0.011738254
max #9 = 4.4500000e-05,0.0099446942


velocity:
              0              1              2              3              4              5              6              7              8              9
0      0.0000000      6397.0465      6401.0323      6404.2073      6405.7445      6407.2928      6408.0941      6409.5969      6409.9792      6409.7493
1      0.0000000      0.0000000      6409.1097      6412.2884      6413.3169      6414.5839      6415.0211      6416.3600      6416.4258      6415.8498
2      0.0000000      0.0000000      0.0000000      6416.3065      6416.3600      6417.3885      6417.4876      6418.7932      6418.6132      6417.7610
3      0.0000000      0.0000000      0.0000000      0.0000000      6416.6610      6418.2171      6418.1888      6419.7326      6419.3956      6418.3244
4      0.0000000      0.0000000      0.0000000      0.0000000      0.0000000      6419.8684      6419.0668      6420.8828      6420.2126      6418.7945
5      0.0000000      0.0000000      0.0000000      0.0000000      0.0000000      0.0000000      6418.3087      6421.4447      6420.3892      6418.5929
6      0.0000000      0.0000000      0.0000000      0.0000000      0.0000000      0.0000000      0.0000000      6424.6073      6421.4600      6418.7225
7      0.0000000      0.0000000      0.0000000      0.0000000      0.0000000      0.0000000      0.0000000      0.0000000      6418.3296      6415.8022
8      0.0000000      0.0000000      0.0000000      0.0000000      0.0000000      0.0000000      0.0000000      0.0000000      0.0000000      6413.2858
9      0.0000000      0.0000000      0.0000000      0.0000000      0.0000000      0.0000000      0.0000000      0.0000000      0.0000000      0.0000000

average velocity: 
6415.3044


attenuation:
              0              1              2              3              4              5              6              7              8              9
0      0.0000000    -0.61015032      4.5143644      10.860891      10.025792      7.4345599      6.5594793      6.4479035      7.3694777      8.8049021
1      0.0000000      0.0000000      9.8426442      16.651008      13.579239      9.4426915      7.9874986      7.6190923      8.5047945      9.9774853
2      0.0000000      0.0000000      0.0000000      23.331866      15.361371      9.2386697      7.4687461      7.1238276      8.2405326      9.9644452
3      0.0000000      0.0000000      0.0000000      0.0000000      7.3878550      2.1921524      2.1814324      3.0750787      5.2248736      7.7374429
4      0.0000000      0.0000000      0.0000000      0.0000000      0.0000000     -2.9957767    -0.41716814      1.6449955      4.6895077      7.8099404
5      0.0000000      0.0000000      0.0000000      0.0000000      0.0000000      0.0000000      2.1588944      3.9670778      7.2515748      10.509925
6      0.0000000      0.0000000      0.0000000      0.0000000      0.0000000      0.0000000      0.0000000      5.7801842      9.7999752      13.293758
7      0.0000000      0.0000000      0.0000000      0.0000000      0.0000000      0.0000000      0.0000000      0.0000000      13.816864      17.047001
8      0.0000000      0.0000000      0.0000000      0.0000000      0.0000000      0.0000000      0.0000000      0.0000000      0.0000000      20.275708
9      0.0000000      0.0000000      0.0000000      0.0000000      0.0000000      0.0000000      0.0000000      0.0000000      0.0000000      0.0000000

average attenuation coefficient: 
8.1816095


attenuation coefficient (method 1): 
8.1511174


attenuation coefficient (method 2): 
7.0606126


***** autocorrelation *****
max #0 = 0.0000000,0.028310591
max #1 = 4.6750000e-06,0.025788236
max #2 = 9.3500000e-06,0.023576007
max #3 = 1.4025000e-05,0.021701039
max #4 = 1.8701500e-05,0.019353130
max #5 = 2.3377000e-05,0.017491084
max #6 = 2.8053000e-05,0.015387399
max #7 = 3.2729500e-05,0.013493048
max #8 = 3.7408000e-05,0.011665891
max #9 = 4.2082500e-05,0.0099188504


velocity:
              0              1              2              3              4              5              6              7              8              9
0      0.0000000      6393.6627      6399.3358      6402.6212      6404.3835      6406.0669      6407.2990      6408.2329      6408.7001      6409.7493
1      0.0000000      0.0000000      6409.1097      6411.6054      6412.6335      6413.9001      6414.7475      6415.3334      6415.4479      6416.2777
2      0.0000000      0.0000000      0.0000000      6414.9381      6415.3334      6416.4755      6417.1451      6417.5600      6417.4713      6418.2504
3      0.0000000      0.0000000      0.0000000      0.0000000      6415.9764      6417.5320      6418.1888      6418.5331      6418.2990      6419.1240
4      0.0000000      0.0000000      0.0000000      0.0000000      0.0000000      6419.1829      6419.4095      6419.5114      6419.0128      6419.8914
5      0.0000000      0.0000000      0.0000000      0.0000000      0.0000000      0.0000000      6419.6797      6419.7301      6419.0178      6420.1356
6      0.0000000      0.0000000      0.0000000      0.0000000      0.0000000      0.0000000      0.0000000      6419.8038      6418.7169      6420.3224
7      0.0000000      0.0000000      0.0000000      0.0000000      0.0000000      0.0000000      0.0000000      0.0000000      6417.6442      6420.6001
8      0.0000000      0.0000000      0.0000000      0.0000000      0.0000000      0.0000000      0.0000000      0.0000000      0.0000000      6423.5679
9      0.0000000      0.0000000      0.0000000      0.0000000      0.0000000      0.0000000      0.0000000      0.0000000      0.0000000      0.0000000

average velocity: 
6414.8924


attenuation:
              0              1              2              3              4              5              6              7              8              9
0      0.0000000    -0.34524475      4.9167706      11.252884      10.531996      7.7602110      7.0786111      6.9339794      7.5984263      8.8885013
1      0.0000000      0.0000000      10.433829      17.117678      14.170758      9.7867885      8.5605206      8.1440994      8.7305320      10.041192
2      0.0000000      0.0000000      0.0000000      23.698668      15.964911      9.5077930      8.0393163      7.6415721      8.4099207      9.9511416
3      0.0000000      0.0000000      0.0000000      0.0000000      8.2290776      2.4136806      2.8224458      3.6308472      5.3552144      7.6640285
4      0.0000000      0.0000000      0.0000000      0.0000000      0.0000000     -3.3939439     0.12610704      2.1042535      4.6412365      7.5563374
5      0.0000000      0.0000000      0.0000000      0.0000000      0.0000000      0.0000000      3.6466319      4.8537687      7.3191979      10.294570
6      0.0000000      0.0000000      0.0000000      0.0000000      0.0000000      0.0000000      0.0000000      6.0609200      9.1547325      12.510842
7      0.0000000      0.0000000      0.0000000      0.0000000      0.0000000      0.0000000      0.0000000      0.0000000      12.247523      15.736083
8      0.0000000      0.0000000      0.0000000      0.0000000      0.0000000      0.0000000      0.0000000      0.0000000      0.0000000      19.226291
9      0.0000000      0.0000000      0.0000000      0.0000000      0.0000000      0.0000000      0.0000000      0.0000000      0.0000000      0.0000000

average attenuation coeffficient: 
8.3781044


attenuation coefficient (method 1): 
8.3687264


attenuation coefficient (method 2): 
7.3397903


