"F1_D16_15,02 mm_2,5 MHz_00009_results"
***** findmax *****
max #0 = 2.4170000e-06,0.028185248
max #1 = 7.0890000e-06,0.025732672
max #2 = 1.1762000e-05,0.023488138
max #3 = 1.6438500e-05,0.021644183
max #4 = 2.1114000e-05,0.019503024
max #5 = 2.5791000e-05,0.017482039
max #6 = 3.0467000e-05,0.015426164
max #7 = 3.5142500e-05,0.013556365
max #8 = 3.9815500e-05,0.011642632
max #9 = 4.4493000e-05,0.0098736238


velocity:
              0              1              2              3              4              5              6              7              8              9
0      0.0000000      6397.7238      6402.7297      6404.2073      6405.9146      6406.8841      6407.9805      6409.0123      6410.3204      6410.7352
1      0.0000000      0.0000000      6411.8388      6411.9469      6413.3169      6413.9001      6414.7475      6415.5615      6416.7192      6416.8768
2      0.0000000      0.0000000      0.0000000      6412.8866      6414.9912      6415.5628      6416.4604      6417.2860      6418.4990      6418.5441
3      0.0000000      0.0000000      0.0000000      0.0000000      6417.3459      6417.1896      6417.9605      6418.7044      6419.9441      6419.8096
4      0.0000000      0.0000000      0.0000000      0.0000000      0.0000000      6417.1273      6418.3814      6419.2829      6420.7270      6420.4400
5      0.0000000      0.0000000      0.0000000      0.0000000      0.0000000      0.0000000      6419.6797      6420.4158      6421.9898      6421.3359
6      0.0000000      0.0000000      0.0000000      0.0000000      0.0000000      0.0000000      0.0000000      6421.1755      6423.1757      6421.9232
7      0.0000000      0.0000000      0.0000000      0.0000000      0.0000000      0.0000000      0.0000000      0.0000000      6425.1912      6422.3154
8      0.0000000      0.0000000      0.0000000      0.0000000      0.0000000      0.0000000      0.0000000      0.0000000      0.0000000      6419.4511
9      0.0000000      0.0000000      0.0000000      0.0000000      0.0000000      0.0000000      0.0000000      0.0000000      0.0000000      0.0000000

average velocity: 
6415.7380


attenuation:
              0              1              2              3              4              5              6              7              8              9
0      0.0000000     -1.0443861      4.8332284      11.075536      9.6467945      7.5294418      6.7401883      6.5537314      7.5032833      8.8888918
1      0.0000000      0.0000000      10.945606      17.185949      13.217445      9.6682613      8.2902835      7.8136896      8.7194397      10.126481
2      0.0000000      0.0000000      0.0000000      23.409466      14.314504      9.2086275      7.5943922      7.1572617      8.3184688      9.9837384
3      0.0000000      0.0000000      0.0000000      0.0000000      5.2221581      2.1126400      2.3289623      3.1016260      5.3092892      7.7543439
4      0.0000000      0.0000000      0.0000000      0.0000000      0.0000000    -0.99841955     0.88382004      2.3977633      5.3361550      8.2648364
5      0.0000000      0.0000000      0.0000000      0.0000000      0.0000000      0.0000000      2.7695549      4.0996838      7.4526571      10.584393
6      0.0000000      0.0000000      0.0000000      0.0000000      0.0000000      0.0000000      0.0000000      5.4309172      9.7965022      13.190586
7      0.0000000      0.0000000      0.0000000      0.0000000      0.0000000      0.0000000      0.0000000      0.0000000      14.163892      17.070838
8      0.0000000      0.0000000      0.0000000      0.0000000      0.0000000      0.0000000      0.0000000      0.0000000      0.0000000      19.976163
9      0.0000000      0.0000000      0.0000000      0.0000000      0.0000000      0.0000000      0.0000000      0.0000000      0.0000000      0.0000000

average attenuation coefficient: 
8.3095264


attenuation coefficient (method 1): 
8.2787483


attenuation coefficient (method 2): 
7.1726618


***** autocorrelation *****
max #0 = 0.0000000,0.028185248
max #1 = 4.6750000e-06,0.025675815
max #2 = 9.3500000e-06,0.023466170
max #3 = 1.4025000e-05,0.021593787
max #4 = 1.8701500e-05,0.019444875
max #5 = 2.3377000e-05,0.017379956
max #6 = 2.8053000e-05,0.015334419
max #7 = 3.2727500e-05,0.013465912
max #8 = 3.7404000e-05,0.011556055
max #9 = 4.2079500e-05,0.0097948002


velocity:
              0              1              2              3              4              5              6              7              8              9
0      0.0000000      6393.6627      6399.3358      6402.6212      6404.3835      6406.0669      6407.2990      6408.6226      6409.3822      6410.2043
1      0.0000000      0.0000000      6409.1097      6411.6054      6412.6335      6413.9001      6414.7475      6415.7896      6416.2302      6416.7912
2      0.0000000      0.0000000      0.0000000      6414.9381      6415.3334      6416.4755      6417.1451      6418.1080      6418.3848      6418.8378
3      0.0000000      0.0000000      0.0000000      0.0000000      6415.9764      6417.5320      6418.1888      6419.2184      6419.3956      6419.8096
4      0.0000000      0.0000000      0.0000000      0.0000000      0.0000000      6419.1829      6419.4095      6420.4256      6420.3841      6420.7144
5      0.0000000      0.0000000      0.0000000      0.0000000      0.0000000      0.0000000      6419.6797      6421.1017      6420.8464      6421.1644
6      0.0000000      0.0000000      0.0000000      0.0000000      0.0000000      0.0000000      0.0000000      6422.5478      6421.4600      6421.6944
7      0.0000000      0.0000000      0.0000000      0.0000000      0.0000000      0.0000000      0.0000000      0.0000000      6420.3865      6421.2861
8      0.0000000      0.0000000      0.0000000      0.0000000      0.0000000      0.0000000      0.0000000      0.0000000      0.0000000      6422.1951
9      0.0000000      0.0000000      0.0000000      0.0000000      0.0000000      0.0000000      0.0000000      0.0000000      0.0000000      0.0000000

average velocity: 
6415.4268


attenuation:
              0              1              2              3              4              5              6              7              8              9
0      0.0000000    -0.36500304      4.9503805      11.302738      9.8693770      7.8721921      7.0309873      6.8320567      7.7770484      9.1484873
1      0.0000000      0.0000000      10.520807      17.202337      13.293851      9.9317043      8.5073237      8.0288606      8.9380865      10.336506
2      0.0000000      0.0000000      0.0000000      23.781008      14.606063      9.6720215      7.9510757      7.4832356      8.6339246      10.274231
3      0.0000000      0.0000000      0.0000000      0.0000000      5.4290403      2.6188532      2.6773449      3.4135384      5.6093277      8.0282688
4      0.0000000      0.0000000      0.0000000      0.0000000      0.0000000    -0.18356131      1.3084743      2.7496655      5.6612637      8.5546975
5      0.0000000      0.0000000      0.0000000      0.0000000      0.0000000      0.0000000      2.8009838      4.2184016      7.6110734      10.740897
6      0.0000000      0.0000000      0.0000000      0.0000000      0.0000000      0.0000000      0.0000000      5.6380142      10.017242      13.388646
7      0.0000000      0.0000000      0.0000000      0.0000000      0.0000000      0.0000000      0.0000000      0.0000000      14.395448      17.263422
8      0.0000000      0.0000000      0.0000000      0.0000000      0.0000000      0.0000000      0.0000000      0.0000000      0.0000000      20.131888
9      0.0000000      0.0000000      0.0000000      0.0000000      0.0000000      0.0000000      0.0000000      0.0000000      0.0000000      0.0000000

average attenuation coeffficient: 
8.5700495


attenuation coefficient (method 1): 
8.5459825


attenuation coefficient (method 2): 
7.4320598


