"F1_D16_15,02 mm_2,5 MHz_00010_results"
***** findmax *****
max #0 = 2.4170000e-06,0.028822298
max #1 = 7.0850000e-06,0.026107407
max #2 = 1.1765000e-05,0.023963664
max #3 = 1.6437000e-05,0.022055099
max #4 = 2.1107000e-05,0.019870006
max #5 = 2.5785000e-05,0.017785703
max #6 = 3.0460500e-05,0.015740166
max #7 = 3.5139000e-05,0.013803174
max #8 = 3.9817500e-05,0.011910115
max #9 = 4.4494000e-05,0.010059699


velocity:
              0              1              2              3              4              5              6              7              8              9
0      0.0000000      6403.1465      6400.6929      6404.8874      6408.2979      6408.5193      6409.4576      6409.6943      6409.9792      6410.5835
1      0.0000000      0.0000000      6402.2969      6410.2399      6414.6842      6414.5839      6415.4316      6415.4474      6415.5457      6416.0210
2      0.0000000      0.0000000      0.0000000      6419.0450      6421.8407      6419.6720      6419.7144      6419.0673      6418.7274      6418.9357
3      0.0000000      0.0000000      0.0000000      0.0000000      6424.8884      6420.2732      6420.2451      6419.3898      6418.9843      6419.2383
4      0.0000000      0.0000000      0.0000000      0.0000000      0.0000000      6415.7576      6418.0387      6417.6837      6417.6421      6418.2462
5      0.0000000      0.0000000      0.0000000      0.0000000      0.0000000      0.0000000      6420.3653      6418.7017      6418.3324      6418.9357
6      0.0000000      0.0000000      0.0000000      0.0000000      0.0000000      0.0000000      0.0000000      6417.0621      6417.3462      6418.4940
7      0.0000000      0.0000000      0.0000000      0.0000000      0.0000000      0.0000000      0.0000000      0.0000000      6417.6442      6419.2286
8      0.0000000      0.0000000      0.0000000      0.0000000      0.0000000      0.0000000      0.0000000      0.0000000      0.0000000      6420.8228
9      0.0000000      0.0000000      0.0000000      0.0000000      0.0000000      0.0000000      0.0000000      0.0000000      0.0000000      0.0000000

average velocity: 
6415.6407


attenuation:
              0              1              2              3              4              5              6              7              8              9
0      0.0000000      1.1850829      5.1559288      11.415986      9.9044230      7.8179308      6.8389765      6.7285544      7.4915829      9.0077256
1      0.0000000      0.0000000      9.1356902      16.552959      12.810554      9.4658991      7.9583600      7.6413641      8.3824701      9.9769764
2      0.0000000      0.0000000      0.0000000      23.670968      14.419926      9.4317033      7.5539635      7.2576601      8.1880269      10.037861
3      0.0000000      0.0000000      0.0000000      0.0000000      5.1735700      2.3109087      2.1807667      3.1522144      5.0889444      7.7638494
4      0.0000000      0.0000000      0.0000000      0.0000000      0.0000000    -0.57749727     0.66768553      2.4633104      5.0544659      8.2710081
5      0.0000000      0.0000000      0.0000000      0.0000000      0.0000000      0.0000000      1.9193868      3.9871167      6.9343051      10.485904
6      0.0000000      0.0000000      0.0000000      0.0000000      0.0000000      0.0000000      0.0000000      6.0521373      9.4396121      13.340202
7      0.0000000      0.0000000      0.0000000      0.0000000      0.0000000      0.0000000      0.0000000      0.0000000      12.827321      16.985062
8      0.0000000      0.0000000      0.0000000      0.0000000      0.0000000      0.0000000      0.0000000      0.0000000      0.0000000      21.143680
9      0.0000000      0.0000000      0.0000000      0.0000000      0.0000000      0.0000000      0.0000000      0.0000000      0.0000000      0.0000000

average attenuation coefficient: 
8.2821006


attenuation coefficient (method 1): 
8.2497410


attenuation coefficient (method 2): 
7.1648022


***** autocorrelation *****
max #0 = 0.0000000,0.028822298
max #1 = 4.6745000e-06,0.026078979
max #2 = 9.3495000e-06,0.023857704
max #3 = 1.4023500e-05,0.021977568
max #4 = 1.8699500e-05,0.019805396
max #5 = 2.3375000e-05,0.017757275
max #6 = 2.8051000e-05,0.015672973
max #7 = 3.2726500e-05,0.013711428
max #8 = 3.7402500e-05,0.011802863
max #9 = 4.2077000e-05,0.010059699


velocity:
              0              1              2              3              4              5              6              7              8              9
0      0.0000000      6394.3392      6399.6750      6403.3009      6405.0639      6406.6117      6407.7533      6408.8174      6409.6381      6410.5835
1      0.0000000      0.0000000      6409.1097      6412.2884      6413.3169      6414.4130      6415.1580      6415.9037      6416.4258      6417.1336
2      0.0000000      0.0000000      0.0000000      6416.3065      6416.3600      6417.1602      6417.6588      6418.2451      6418.6132      6419.2294
3      0.0000000      0.0000000      0.0000000      0.0000000      6416.6610      6417.8746      6418.4173      6419.0471      6419.3956      6420.0381
4      0.0000000      0.0000000      0.0000000      0.0000000      0.0000000      6419.1829      6419.4095      6419.9685      6420.2126      6420.8515
5      0.0000000      0.0000000      0.0000000      0.0000000      0.0000000      0.0000000      6419.6797      6420.4158      6420.6178      6421.3359
6      0.0000000      0.0000000      0.0000000      0.0000000      0.0000000      0.0000000      0.0000000      6421.1755      6421.1170      6421.9232
7      0.0000000      0.0000000      0.0000000      0.0000000      0.0000000      0.0000000      0.0000000      0.0000000      6421.0725      6422.3154
8      0.0000000      0.0000000      0.0000000      0.0000000      0.0000000      0.0000000      0.0000000      0.0000000      0.0000000      6423.5679
9      0.0000000      0.0000000      0.0000000      0.0000000      0.0000000      0.0000000      0.0000000      0.0000000      0.0000000      0.0000000

average velocity: 
6415.7196


attenuation:
              0              1              2              3              4              5              6              7              8              9
0      0.0000000      1.5860027      5.7911719      11.757917      10.154060      7.9199505      7.0534730      7.0080518      7.8199817      9.0077256
1      0.0000000      0.0000000      10.241123      16.909575      13.023066      9.5034298      8.1438277      7.9085293      8.7080513      9.9340179
2      0.0000000      0.0000000      0.0000000      23.450523      14.327871      9.1886755      7.5634933      7.3941114      8.4112524      9.8528740
3      0.0000000      0.0000000      0.0000000      0.0000000      5.2021986      2.0572048      2.2686314      3.3820714      5.4060059      7.5900654
4      0.0000000      0.0000000      0.0000000      0.0000000      0.0000000     -1.0818790     0.80724763      2.7810599      5.4623372      8.0733794
5      0.0000000      0.0000000      0.0000000      0.0000000      0.0000000      0.0000000      2.6968482      4.7137989      7.6450315      10.363991
6      0.0000000      0.0000000      0.0000000      0.0000000      0.0000000      0.0000000      0.0000000      6.7318542      10.120013      12.920952
7      0.0000000      0.0000000      0.0000000      0.0000000      0.0000000      0.0000000      0.0000000      0.0000000      13.508091      16.015919
8      0.0000000      0.0000000      0.0000000      0.0000000      0.0000000      0.0000000      0.0000000      0.0000000      0.0000000      18.524431
9      0.0000000      0.0000000      0.0000000      0.0000000      0.0000000      0.0000000      0.0000000      0.0000000      0.0000000      0.0000000

average attenuation coeffficient: 
8.3966224


attenuation coefficient (method 1): 
8.3671164


attenuation coefficient (method 2): 
7.3059613


