"F1_D16_15,02 mm_2,5 MHz_00007_results"
***** findmax *****
max #0 = 2.4180000e-06,0.028611671
max #1 = 7.0905000e-06,0.026161679
max #2 = 1.1766000e-05,0.023827984
max #3 = 1.6442000e-05,0.021914250
max #4 = 2.1116500e-05,0.019784721
max #5 = 2.5791000e-05,0.017745645
max #6 = 3.0466000e-05,0.015741459
max #7 = 3.5142000e-05,0.013857446
max #8 = 3.9827500e-05,0.011837753
max #9 = 4.4503500e-05,0.010060991


velocity:
              0              1              2              3              4              5              6              7              8              9
0      0.0000000      6397.0465      6400.6929      6403.0743      6405.4042      6407.1566      6408.4349      6409.3045      6408.4443      6409.2944
1      0.0000000      0.0000000      6408.4278      6410.5812      6412.8613      6414.4130      6415.4316      6416.0177      6414.6659      6415.3365
2      0.0000000      0.0000000      0.0000000      6413.5703      6416.0177      6417.3885      6418.1726      6418.5191      6416.6722      6417.2717
3      0.0000000      0.0000000      0.0000000      0.0000000      6418.7159      6419.5877      6420.0166      6420.0754      6417.6138      6418.2102
4      0.0000000      0.0000000      0.0000000      0.0000000      0.0000000      6420.5540      6420.7808      6420.6542      6417.4708      6418.2462
5      0.0000000      0.0000000      0.0000000      0.0000000      0.0000000      0.0000000      6421.0512      6420.7587      6416.5052      6417.7362
6      0.0000000      0.0000000      0.0000000      0.0000000      0.0000000      0.0000000      0.0000000      6420.4896      6414.2643      6416.6667
7      0.0000000      0.0000000      0.0000000      0.0000000      0.0000000      0.0000000      0.0000000      0.0000000      6408.0646      6414.7750
8      0.0000000      0.0000000      0.0000000      0.0000000      0.0000000      0.0000000      0.0000000      0.0000000      0.0000000      6421.5089
9      0.0000000      0.0000000      0.0000000      0.0000000      0.0000000      0.0000000      0.0000000      0.0000000      0.0000000      0.0000000

average velocity: 
6414.6210


attenuation:
              0              1              2              3              4              5              6              7              8              9
0      0.0000000     -1.4767586      4.9164283      11.329436      9.6978720      7.5309660      6.4865584      6.2652874      7.4532884      8.7730303
1      0.0000000      0.0000000      11.503072      17.780250      13.430089      9.7796547      8.0736994      7.5501920      8.7230474      10.049595
2      0.0000000      0.0000000      0.0000000      23.966935      14.303516      9.1289631      7.1530546      6.7070893      8.2234513      9.8090026
3      0.0000000      0.0000000      0.0000000      0.0000000      4.6436753      1.7175568      1.5572308      2.4007497      5.0788972      7.4541619
4      0.0000000      0.0000000      0.0000000      0.0000000      0.0000000     -1.2045129    0.017832379      1.6560903      5.1847681      8.0148374
5      0.0000000      0.0000000      0.0000000      0.0000000      0.0000000      0.0000000      1.2406518      3.0863824      7.3099184      10.316772
6      0.0000000      0.0000000      0.0000000      0.0000000      0.0000000      0.0000000      0.0000000      4.9315825      10.339827      13.339437
7      0.0000000      0.0000000      0.0000000      0.0000000      0.0000000      0.0000000      0.0000000      0.0000000      15.742348      17.541048
8      0.0000000      0.0000000      0.0000000      0.0000000      0.0000000      0.0000000      0.0000000      0.0000000      0.0000000      19.343523
9      0.0000000      0.0000000      0.0000000      0.0000000      0.0000000      0.0000000      0.0000000      0.0000000      0.0000000      0.0000000

average attenuation coefficient: 
8.1526777


attenuation coefficient (method 1): 
8.1145649


attenuation coefficient (method 2): 
7.0275412


***** autocorrelation *****
max #0 = 0.0000000,0.028611671
max #1 = 4.6750000e-06,0.026088024
max #2 = 9.3510000e-06,0.023786634
max #3 = 1.4026000e-05,0.021869024
max #4 = 1.8702000e-05,0.019698144
max #5 = 2.3379000e-05,0.017661653
max #6 = 2.8056000e-05,0.015663927
max #7 = 3.2733500e-05,0.013770869
max #8 = 3.7410500e-05,0.011798987
max #9 = 4.2085500e-05,0.010036440


velocity:
              0              1              2              3              4              5              6              7              8              9
0      0.0000000      6393.6627      6398.6574      6402.1681      6404.2134      6405.5221      6406.6176      6407.4538      6408.2738      6409.2944
1      0.0000000      0.0000000      6407.7460      6410.9226      6412.4057      6413.2164      6413.9267      6414.4211      6414.9591      6415.7643
2      0.0000000      0.0000000      0.0000000      6414.9381      6415.6755      6416.0191      6416.4604      6416.7381      6417.1288      6417.8589
3      0.0000000      0.0000000      0.0000000      0.0000000      6416.6610      6416.8471      6417.2754      6417.5053      6417.8878      6418.6671
4      0.0000000      0.0000000      0.0000000      0.0000000      0.0000000      6417.1273      6417.6961      6417.9121      6418.3274      6419.2058
5      0.0000000      0.0000000      0.0000000      0.0000000      0.0000000      0.0000000      6418.3087      6418.3590      6418.7893      6419.7927
6      0.0000000      0.0000000      0.0000000      0.0000000      0.0000000      0.0000000      0.0000000      6418.4327      6419.0597      6420.3224
7      0.0000000      0.0000000      0.0000000      0.0000000      0.0000000      0.0000000      0.0000000      0.0000000      6419.7007      6421.2861
8      0.0000000      0.0000000      0.0000000      0.0000000      0.0000000      0.0000000      0.0000000      0.0000000      0.0000000      6422.8814
9      0.0000000      0.0000000      0.0000000      0.0000000      0.0000000      0.0000000      0.0000000      0.0000000      0.0000000      0.0000000

average velocity: 
6414.3575


attenuation:
              0              1              2              3              4              5              6              7              8              9
0      0.0000000    -0.62837552      5.1566862      11.529998      10.020128      7.8134867      6.7333964      6.5326749      7.5725696      8.8515233
1      0.0000000      0.0000000      11.176150      17.672158      13.582246      9.9233770      8.2021185      7.7223423      8.7410582      10.034622
2      0.0000000      0.0000000      0.0000000      24.040788      14.691297      9.4351361      7.4015983      6.9843806      8.2944091      9.8343027
3      0.0000000      0.0000000      0.0000000      0.0000000      5.3406747      2.1323819      1.8564293      2.7220341      5.1475107      7.4700128
4      0.0000000      0.0000000      0.0000000      0.0000000      0.0000000     -1.0755902     0.11576166      1.8507764      5.1013320      7.8990924
5      0.0000000      0.0000000      0.0000000      0.0000000      0.0000000      0.0000000      1.3085943      3.3152291      7.1618407      10.145046
6      0.0000000      0.0000000      0.0000000      0.0000000      0.0000000      0.0000000      0.0000000      5.3218783      10.088885      13.091641
7      0.0000000      0.0000000      0.0000000      0.0000000      0.0000000      0.0000000      0.0000000      0.0000000      14.856441      16.977624
8      0.0000000      0.0000000      0.0000000      0.0000000      0.0000000      0.0000000      0.0000000      0.0000000      0.0000000      19.099684
9      0.0000000      0.0000000      0.0000000      0.0000000      0.0000000      0.0000000      0.0000000      0.0000000      0.0000000      0.0000000

average attenuation coeffficient: 
8.2498967


attenuation coefficient (method 1): 
8.2142401


attenuation coefficient (method 2): 
7.1570435


