"F1_D16_15,02 mm_2,5 MHz_00011_results"
***** findmax *****
max #0 = 2.4175000e-06,0.028921797
max #1 = 7.0890000e-06,0.026315449
max #2 = 1.1763000e-05,0.024037318
max #3 = 1.6438500e-05,0.022083527
max #4 = 2.1107500e-05,0.020008270
max #5 = 2.5787500e-05,0.017859358
max #6 = 3.0460500e-05,0.015758257
max #7 = 3.5137000e-05,0.013938854
max #8 = 3.9812000e-05,0.011902362
max #9 = 4.4493000e-05,0.010068744


velocity:
              0              1              2              3              4              5              6              7              8              9
0      0.0000000      6398.4011      6402.3901      6404.4340      6408.2979      6407.9741      6409.5712      6410.1816      6411.0029      6410.8110
1      0.0000000      0.0000000      6410.4740      6411.9469      6416.2801      6415.0969      6416.5266      6416.8163      6417.4039      6416.8768
2      0.0000000      0.0000000      0.0000000      6414.2541      6420.1269      6417.6167      6419.0290      6419.0673      6419.5270      6418.7399
3      0.0000000      0.0000000      0.0000000      0.0000000      6426.2617      6419.5877      6420.9308      6420.5897      6420.9041      6419.8096
4      0.0000000      0.0000000      0.0000000      0.0000000      0.0000000      6413.0199      6418.3814      6418.8259      6419.6983      6418.6574
5      0.0000000      0.0000000      0.0000000      0.0000000      0.0000000      0.0000000      6423.7960      6421.7877      6421.9898      6420.1356
6      0.0000000      0.0000000      0.0000000      0.0000000      0.0000000      0.0000000      0.0000000      6419.8038      6421.1170      6418.9510
7      0.0000000      0.0000000      0.0000000      0.0000000      0.0000000      0.0000000      0.0000000      0.0000000      6422.4448      6418.5430
8      0.0000000      0.0000000      0.0000000      0.0000000      0.0000000      0.0000000      0.0000000      0.0000000      0.0000000      6414.6548
9      0.0000000      0.0000000      0.0000000      0.0000000      0.0000000      0.0000000      0.0000000      0.0000000      0.0000000      0.0000000

average velocity: 
6416.2830


attenuation:
              0              1              2              3              4              5              6              7              8              9
0      0.0000000   -0.067302868      5.2195568      11.624704      9.6522806      7.7809493      6.9491399      6.4646241      7.6353188      9.0886743
1      0.0000000      0.0000000      10.710305      17.518393      12.902993      9.7389461      8.3466153      7.5473405      8.7307406      10.228610
2      0.0000000      0.0000000      0.0000000      24.260478      13.885400      9.3536425      7.6996401      6.8694685      8.3613202      10.128794
3      0.0000000      0.0000000      0.0000000      0.0000000      3.5234828      1.9065617      2.1885988      2.5300482      5.1898588      7.7797008
4      0.0000000      0.0000000      0.0000000      0.0000000      0.0000000     0.25273412      1.5021120      2.1833323      5.5943187      8.6185737
5      0.0000000      0.0000000      0.0000000      0.0000000      0.0000000      0.0000000      2.7670868      3.1592912      7.3842536      10.716534
6      0.0000000      0.0000000      0.0000000      0.0000000      0.0000000      0.0000000      0.0000000      3.5482434      9.6909200      13.363370
7      0.0000000      0.0000000      0.0000000      0.0000000      0.0000000      0.0000000      0.0000000      0.0000000      15.834773      18.270393
8      0.0000000      0.0000000      0.0000000      0.0000000      0.0000000      0.0000000      0.0000000      0.0000000      0.0000000      20.703817
9      0.0000000      0.0000000      0.0000000      0.0000000      0.0000000      0.0000000      0.0000000      0.0000000      0.0000000      0.0000000

average attenuation coefficient: 
8.3853030


attenuation coefficient (method 1): 
8.3398519


attenuation coefficient (method 2): 
7.2289040


***** autocorrelation *****
max #0 = 0.0000000,0.028921797
max #1 = 4.6740000e-06,0.026281852
max #2 = 9.3490000e-06,0.023993384
max #3 = 1.4023500e-05,0.022037008
max #4 = 1.8698500e-05,0.019897142
max #5 = 2.3373500e-05,0.017739184
max #6 = 2.8049000e-05,0.015684602
max #7 = 3.2724500e-05,0.013865199
max #8 = 3.7401500e-05,0.011850674
max #9 = 4.2075500e-05,0.010068744


velocity:
              0              1              2              3              4              5              6              7              8              9
0      0.0000000      6395.0158      6400.0143      6403.3009      6405.4042      6407.0204      6408.2077      6409.2071      6409.8086      6410.8110
1      0.0000000      0.0000000      6409.1097      6411.9469      6413.5447      6414.7549      6415.5685      6416.2459      6416.5236      6417.3048
2      0.0000000      0.0000000      0.0000000      6415.6222      6416.7022      6417.6167      6418.1726      6418.6562      6418.7274      6419.4253
3      0.0000000      0.0000000      0.0000000      0.0000000      6418.0308      6418.9023      6419.3310      6419.7326      6419.6699      6420.3810
4      0.0000000      0.0000000      0.0000000      0.0000000      0.0000000      6419.8684      6420.0951      6420.4256      6420.2126      6420.9887
5      0.0000000      0.0000000      0.0000000      0.0000000      0.0000000      0.0000000      6420.3653      6420.7587      6420.3892      6421.3359
6      0.0000000      0.0000000      0.0000000      0.0000000      0.0000000      0.0000000      0.0000000      6421.1755      6420.4311      6421.6944
7      0.0000000      0.0000000      0.0000000      0.0000000      0.0000000      0.0000000      0.0000000      0.0000000      6419.7007      6421.9723
8      0.0000000      0.0000000      0.0000000      0.0000000      0.0000000      0.0000000      0.0000000      0.0000000      0.0000000      6424.2546
9      0.0000000      0.0000000      0.0000000      0.0000000      0.0000000      0.0000000      0.0000000      0.0000000      0.0000000      0.0000000

average velocity: 
6415.9651


attenuation:
              0              1              2              3              4              5              6              7              8              9
0      0.0000000     0.33521114      5.4713456      11.829748      10.067593      8.1761467      7.1815815      6.6879472      7.7976996      9.0886743
1      0.0000000      0.0000000      10.842003      17.638562      13.323887      10.135956      8.5474391      7.7432376      8.8608104      10.181059
2      0.0000000      0.0000000      0.0000000      24.319941      14.474710      9.8280545      7.9146532      7.0735941      8.4888687      10.048704
3      0.0000000      0.0000000      0.0000000      0.0000000      4.6293002      2.5846982      2.4499876      2.7664603      5.3268129      7.6751663
4      0.0000000      0.0000000      0.0000000      0.0000000      0.0000000     0.54414435      1.3641544      2.1494011      5.5041954      8.2881846
5      0.0000000      0.0000000      0.0000000      0.0000000      0.0000000      0.0000000      2.1846385      2.9528727      7.1578514      10.225343
6      0.0000000      0.0000000      0.0000000      0.0000000      0.0000000      0.0000000      0.0000000      3.7216663      9.6444115      12.906280
7      0.0000000      0.0000000      0.0000000      0.0000000      0.0000000      0.0000000      0.0000000      0.0000000      15.566449      17.498867
8      0.0000000      0.0000000      0.0000000      0.0000000      0.0000000      0.0000000      0.0000000      0.0000000      0.0000000      19.432548
9      0.0000000      0.0000000      0.0000000      0.0000000      0.0000000      0.0000000      0.0000000      0.0000000      0.0000000      0.0000000

average attenuation coeffficient: 
8.4584635


attenuation coefficient (method 1): 
8.4241570


attenuation coefficient (method 2): 
7.3670642


