"F1_D16_15,02 mm_2,5 MHz_00006_results"
***** findmax *****
max #0 = 1.8453500e-05,0.020956819
max #1 = 2.3120500e-05,0.018814359
max #2 = 2.7797500e-05,0.016842470
max #3 = 3.2477500e-05,0.014857658
max #4 = 3.7151500e-05,0.013002066
max #5 = 4.1830500e-05,0.011360978
max #6 = 4.6505500e-05,0.0097147220
max #7 = 5.1194000e-05,0.0085827592
max #8 = 5.5866500e-05,0.0072182013


velocity:
              0              1              2              3              4              5              6              7              8
  0      0.0000000      6404.5036      6403.4089      6403.0743      6405.5743      6406.0669      6407.5261      6406.0908      6407.8476
  1      0.0000000      0.0000000      6406.3828      6406.8287      6410.5841      6411.1661      6412.8327      6411.0025      6412.9070
  2      0.0000000      0.0000000      0.0000000      6408.1050      6413.6231      6413.7381      6415.4335      6412.9054      6414.9605
  3      0.0000000      0.0000000      0.0000000      0.0000000      6419.4012      6416.8471      6418.1888      6414.4239      6416.6547
  4      0.0000000      0.0000000      0.0000000      0.0000000      0.0000000      6414.3885      6417.6961      6412.8910      6416.1007
  5      0.0000000      0.0000000      0.0000000      0.0000000      0.0000000      0.0000000      6421.0512      6412.1966      6416.7335
  6      0.0000000      0.0000000      0.0000000      0.0000000      0.0000000      0.0000000      0.0000000      6403.3889      6414.6066
  7      0.0000000      0.0000000      0.0000000      0.0000000      0.0000000      0.0000000      0.0000000      0.0000000      6425.8782
  8      0.0000000      0.0000000      0.0000000      0.0000000      0.0000000      0.0000000      0.0000000      0.0000000      0.0000000

average velocity: 
6412.0836


attenuation:
              0              1              2              3              4              5              6              7              8
  0      0.0000000      3.7492325      10.078651      18.776927      17.536622      15.320455      14.746303      13.207825      14.082199
  1      0.0000000      0.0000000      16.458195      26.293058      22.122608      18.197506      16.930600      14.768326      15.545252
  2      0.0000000      0.0000000      0.0000000      36.098997      24.868792      18.714062      16.989645      14.395114      15.355513
  3      0.0000000      0.0000000      0.0000000      0.0000000      13.650433      10.034041      10.635288      8.9773888      11.218207
  4      0.0000000      0.0000000      0.0000000      0.0000000      0.0000000      6.4030757      9.1228627      7.4059443      10.603654
  5      0.0000000      0.0000000      0.0000000      0.0000000      0.0000000      0.0000000      11.852193      7.9043815      12.006119
  6      0.0000000      0.0000000      0.0000000      0.0000000      0.0000000      0.0000000      0.0000000      3.9424423      12.078591
  7      0.0000000      0.0000000      0.0000000      0.0000000      0.0000000      0.0000000      0.0000000      0.0000000      20.225076
  8      0.0000000      0.0000000      0.0000000      0.0000000      0.0000000      0.0000000      0.0000000      0.0000000      0.0000000

average attenuation coefficient: 
14.452655


attenuation coefficient (method 1): 
14.092689


attenuation coefficient (method 2): 
13.410691


***** autocorrelation *****
max #0 = 0.0000000,0.020956819
max #1 = 4.6765000e-06,0.018757503
max #2 = 9.3535000e-06,0.016785613
max #3 = 1.4030500e-05,0.014723270
max #4 = 1.8708000e-05,0.012872847
max #5 = 2.3385500e-05,0.011211084
max #6 = 2.8064500e-05,0.0095958401
max #7 = 3.2742500e-05,0.0084742148
max #8 = 3.7419500e-05,0.0071303320


velocity:
              0              1              2              3              4              5              6              7              8
  0      0.0000000      6391.6341      6396.9622      6400.1302      6402.1731      6403.7524      6404.6878      6405.7015      6406.7398
  1      0.0000000      0.0000000      6406.3828      6408.8750      6410.3565      6411.5078      6412.0124      6412.7113      6413.4932
  2      0.0000000      0.0000000      0.0000000      6412.2031      6413.2812      6414.1942      6414.4069      6414.9581      6415.6451
  3      0.0000000      0.0000000      0.0000000      0.0000000      6414.6075      6415.4777      6415.4492      6415.9642      6416.6547
  4      0.0000000      0.0000000      0.0000000      0.0000000      0.0000000      6416.4423      6415.9837      6416.5419      6417.2995
  5      0.0000000      0.0000000      0.0000000      0.0000000      0.0000000      0.0000000      6415.5685      6416.6461      6417.6470
  6      0.0000000      0.0000000      0.0000000      0.0000000      0.0000000      0.0000000      0.0000000      6417.7473      6418.7169
  7      0.0000000      0.0000000      0.0000000      0.0000000      0.0000000      0.0000000      0.0000000      0.0000000      6419.7007
  8      0.0000000      0.0000000      0.0000000      0.0000000      0.0000000      0.0000000      0.0000000      0.0000000      0.0000000

average velocity: 
6411.7293


attenuation:
              0              1              2              3              4              5              6              7              8
  0      0.0000000      4.7499944      10.533147      19.657383      18.273605      16.100084      15.353575      13.735343      14.529604
  1      0.0000000      0.0000000      16.560841      27.174126      22.794172      18.937496      17.470849      15.229398      15.924110
  2      0.0000000      0.0000000      0.0000000      37.684770      25.828763      19.662810      17.645555      14.917933      15.777674
  3      0.0000000      0.0000000      0.0000000      0.0000000      13.972538      10.654377      10.968705      9.2300481      11.401051
  4      0.0000000      0.0000000      0.0000000      0.0000000      0.0000000      7.3402601      9.4690298      7.6521970      10.762072
  5      0.0000000      0.0000000      0.0000000      0.0000000      0.0000000      0.0000000      11.596259      7.8081550      11.903719
  6      0.0000000      0.0000000      0.0000000      0.0000000      0.0000000      0.0000000      0.0000000      4.0217013      12.059509
  7      0.0000000      0.0000000      0.0000000      0.0000000      0.0000000      0.0000000      0.0000000      0.0000000      20.098180
  8      0.0000000      0.0000000      0.0000000      0.0000000      0.0000000      0.0000000      0.0000000      0.0000000      0.0000000

average attenuation coeffficient: 
14.929973


attenuation coefficient (method 1): 
14.577856


attenuation coefficient (method 2): 
13.939319


***** vawelet transform *****
max #0 = 1.8448344e-05,0.020848274
max #1 = 2.3123344e-05,0.018747165
max #2 = 2.7798844e-05,0.016790782
max #3 = 3.2473844e-05,0.014769789
max #4 = 3.7150344e-05,0.012958131
max #5 = 4.1828344e-05,0.011322213
max #6 = 4.6507344e-05,0.0096785405
max #7 = 5.1187344e-05,0.0084819680
max #8 = 5.5868344e-05,0.0071355008


velocity:
              0              1              2              3              4              5              6              7              8
  0      0.0000000      6393.6627      6398.9966      6402.3946      6404.2134      6405.2498      6405.9364      6406.3828      6406.6546
  1      0.0000000      0.0000000      6408.4278      6411.2640      6412.4057      6412.8746      6413.1061      6413.1672      6413.1023
  2      0.0000000      0.0000000      0.0000000      6414.9381      6415.3334      6415.3346      6415.2623      6415.0949      6414.8464
  3      0.0000000      0.0000000      0.0000000      0.0000000      6415.9764      6415.8200      6415.6775      6415.4507      6415.1482
  4      0.0000000      0.0000000      0.0000000      0.0000000      0.0000000      6415.7576      6415.6413      6415.4006      6415.0736
  5      0.0000000      0.0000000      0.0000000      0.0000000      0.0000000      0.0000000      6415.5685      6415.2763      6414.9073
  6      0.0000000      0.0000000      0.0000000      0.0000000      0.0000000      0.0000000      0.0000000      6415.0074      6414.6066
  7      0.0000000      0.0000000      0.0000000      0.0000000      0.0000000      0.0000000      0.0000000      0.0000000      6414.2197
  8      0.0000000      0.0000000      0.0000000      0.0000000      0.0000000      0.0000000      0.0000000      0.0000000      0.0000000

average velocity: 
6411.8939


attenuation:
              0              1              2              3              4              5              6              7              8
  0      0.0000000      3.3879142      9.7486868      18.849209      17.411910      15.221893      14.683657      13.479929      14.316089
  1      0.0000000      0.0000000      16.354181      26.644207      22.099192      18.179418      16.938401      15.157048      15.872771
  2      0.0000000      0.0000000      0.0000000      36.819112      24.889518      18.728233      17.038907      14.881677      15.763564
  3      0.0000000      0.0000000      0.0000000      0.0000000      12.957847      9.6809868      10.443787      9.3954919      11.550400
  4      0.0000000      0.0000000      0.0000000      0.0000000      0.0000000      6.4025845      9.1850565      8.2060408      11.196196
  5      0.0000000      0.0000000      0.0000000      0.0000000      0.0000000      0.0000000      11.966995      9.1069052      12.792896
  6      0.0000000      0.0000000      0.0000000      0.0000000      0.0000000      0.0000000      0.0000000      6.2462846      13.205097
  7      0.0000000      0.0000000      0.0000000      0.0000000      0.0000000      0.0000000      0.0000000      0.0000000      20.163516
  8      0.0000000      0.0000000      0.0000000      0.0000000      0.0000000      0.0000000      0.0000000      0.0000000      0.0000000

average attenuation coeffficient: 
14.693489


attenuation coefficient (method 1): 
14.330194


attenuation coefficient (method 2): 
13.581799


