"F1_D16_15,02 mm_2,5 MHz_00004_results"
***** findmax *****
max #0 = 1.8452500e-05,0.020923221
max #1 = 2.3120500e-05,0.018855709
max #2 = 2.7802500e-05,0.016847638
max #3 = 3.2474000e-05,0.014855074
max #4 = 3.7154500e-05,0.012921950
max #5 = 4.1829000e-05,0.011350641
max #6 = 4.6507000e-05,0.0096320215
max #7 = 5.1182500e-05,0.0085129807
max #8 = 5.5871000e-05,0.0072466296


velocity:
              0              1              2              3              4              5              6              7              8
  0      0.0000000      6403.1465      6399.3358      6404.2073      6404.2134      6406.2031      6406.9583      6408.1355      6406.9102
  1      0.0000000      0.0000000      6399.5759      6409.2162      6409.2185      6411.6786      6412.4225      6413.6231      6412.0279
  2      0.0000000      0.0000000      0.0000000      6419.7300      6414.9912      6416.7037      6416.6315      6417.4230      6415.0746
  3      0.0000000      0.0000000      0.0000000      0.0000000      6410.5043      6415.4777      6415.9057      6417.1627      6414.4637
  4      0.0000000      0.0000000      0.0000000      0.0000000      0.0000000      6420.5540      6418.7240      6419.5114      6415.5871
  5      0.0000000      0.0000000      0.0000000      0.0000000      0.0000000      0.0000000      6416.9383      6419.0445      6413.9945
  6      0.0000000      0.0000000      0.0000000      0.0000000      0.0000000      0.0000000      0.0000000      6421.1755      6412.5534
  7      0.0000000      0.0000000      0.0000000      0.0000000      0.0000000      0.0000000      0.0000000      0.0000000      6403.9678
  8      0.0000000      0.0000000      0.0000000      0.0000000      0.0000000      0.0000000      0.0000000      0.0000000      0.0000000

average velocity: 
6412.3053


attenuation:
              0              1              2              3              4              5              6              7              8
  0      0.0000000      2.6636519      9.7805642      18.637245      17.873419      15.279630      15.083761      13.469335      13.886140
  1      0.0000000      0.0000000      16.865354      26.641439      22.933531      18.420042      17.553572      15.257671      15.476644
  2      0.0000000      0.0000000      0.0000000      36.057089      25.787317      18.796045      17.617796      14.846103      15.180022
  3      0.0000000      0.0000000      0.0000000      0.0000000      15.501212      10.154298      11.461216      9.5361491      10.993685
  4      0.0000000      0.0000000      0.0000000      0.0000000      0.0000000      4.8337875      9.4592359      7.5648080      9.8748501
  5      0.0000000      0.0000000      0.0000000      0.0000000      0.0000000      0.0000000      14.079120      8.9281768      11.547891
  6      0.0000000      0.0000000      0.0000000      0.0000000      0.0000000      0.0000000      0.0000000      3.7805204      10.279187
  7      0.0000000      0.0000000      0.0000000      0.0000000      0.0000000      0.0000000      0.0000000      0.0000000      16.769940
  8      0.0000000      0.0000000      0.0000000      0.0000000      0.0000000      0.0000000      0.0000000      0.0000000      0.0000000

average attenuation coefficient: 
14.524179


attenuation coefficient (method 1): 
14.225097


attenuation coefficient (method 2): 
13.585957


***** autocorrelation *****
max #0 = 0.0000000,0.020923221
max #1 = 4.6760000e-06,0.018775593
max #2 = 9.3530000e-06,0.016775275
max #3 = 1.4030000e-05,0.014720685
max #4 = 1.8707500e-05,0.012800484
max #5 = 2.3385500e-05,0.011190409
max #6 = 2.8063000e-05,0.0094614518
max #7 = 3.2742000e-05,0.0084948899
max #8 = 3.7420000e-05,0.0071975261


velocity:
              0              1              2              3              4              5              6              7              8
  0      0.0000000      6392.3101      6397.3011      6400.3566      6402.3431      6403.7524      6405.0283      6405.7988      6406.6546
  1      0.0000000      0.0000000      6406.3828      6408.8750      6410.3565      6411.3369      6412.2858      6412.7113      6413.2977
  2      0.0000000      0.0000000      0.0000000      6412.2031      6413.2812      6413.9661      6414.7490      6414.9581      6415.4169
  3      0.0000000      0.0000000      0.0000000      0.0000000      6414.6075      6415.1354      6415.9057      6415.9642      6416.3807
  4      0.0000000      0.0000000      0.0000000      0.0000000      0.0000000      6415.7576      6416.6686      6416.5419      6416.9569
  5      0.0000000      0.0000000      0.0000000      0.0000000      0.0000000      0.0000000      6417.6234      6416.9886      6417.4186
  6      0.0000000      0.0000000      0.0000000      0.0000000      0.0000000      0.0000000      0.0000000      6416.3771      6417.3462
  7      0.0000000      0.0000000      0.0000000      0.0000000      0.0000000      0.0000000      0.0000000      0.0000000      6418.3296
  8      0.0000000      0.0000000      0.0000000      0.0000000      0.0000000      0.0000000      0.0000000      0.0000000      0.0000000

average velocity: 
6411.7047


attenuation:
              0              1              2              3              4              5              6              7              8
  0      0.0000000      4.0006799      10.392048      19.519299      18.564365      16.114042      15.954258      13.567964      14.132971
  1      0.0000000      0.0000000      17.017696      27.338871      23.430403      19.141260      18.341123      15.158420      15.577174
  2      0.0000000      0.0000000      0.0000000      37.557406      26.554682      19.784055      18.617098      14.741389      15.297684
  3      0.0000000      0.0000000      0.0000000      0.0000000      15.551739      10.899302      12.307390      9.0412093      10.850093
  4      0.0000000      0.0000000      0.0000000      0.0000000      0.0000000      6.2490465      10.689035      6.8740118      9.6779797
  5      0.0000000      0.0000000      0.0000000      0.0000000      0.0000000      0.0000000      15.131512      7.1877636      10.822492
  6      0.0000000      0.0000000      0.0000000      0.0000000      0.0000000      0.0000000      0.0000000    -0.75706033      8.6677012
  7      0.0000000      0.0000000      0.0000000      0.0000000      0.0000000      0.0000000      0.0000000      0.0000000      18.093325
  8      0.0000000      0.0000000      0.0000000      0.0000000      0.0000000      0.0000000      0.0000000      0.0000000      0.0000000

average attenuation coeffficient: 
14.780234


attenuation coefficient (method 1): 
14.482916


attenuation coefficient (method 2): 
13.943566


***** vawelet transform *****
max #0 = 1.8447172e-05,0.020897378
max #1 = 2.3122672e-05,0.018829866
max #2 = 2.7797672e-05,0.016770107
max #3 = 3.2473172e-05,0.014824061
max #4 = 3.7149172e-05,0.012890937
max #5 = 4.1827672e-05,0.011319628
max #6 = 4.6506172e-05,0.0095829181
max #7 = 5.1185672e-05,0.0084276958
max #8 = 5.5867672e-05,0.0072414608


velocity:
              0              1              2              3              4              5              6              7              8
  0      0.0000000      6392.9863      6398.9966      6402.1681      6404.2134      6405.1136      6405.9364      6406.4802      6406.5694
  1      0.0000000      0.0000000      6409.1097      6411.2640      6412.6335      6412.8746      6413.2429      6413.3951      6413.1023
  2      0.0000000      0.0000000      0.0000000      6414.2541      6415.3334      6415.1065      6415.2623      6415.2318      6414.7324
  3      0.0000000      0.0000000      0.0000000      0.0000000      6416.6610      6415.8200      6415.9057      6415.7930      6415.1482
  4      0.0000000      0.0000000      0.0000000      0.0000000      0.0000000      6415.0729      6415.6413      6415.6288      6414.9024
  5      0.0000000      0.0000000      0.0000000      0.0000000      0.0000000      0.0000000      6416.2534      6415.9611      6414.9073
  6      0.0000000      0.0000000      0.0000000      0.0000000      0.0000000      0.0000000      0.0000000      6415.6922      6414.2643
  7      0.0000000      0.0000000      0.0000000      0.0000000      0.0000000      0.0000000      0.0000000      0.0000000      6412.8508
  8      0.0000000      0.0000000      0.0000000      0.0000000      0.0000000      0.0000000      0.0000000      0.0000000      0.0000000

average velocity: 
6411.9030


attenuation:
              0              1              2              3              4              5              6              7              8
  0      0.0000000      2.8020684      10.266923      18.722804      17.957777      15.371822      15.275511      13.841805      13.868714
  1      0.0000000      0.0000000      17.997086      26.750307      23.023914      18.514104      17.766587      15.677653      15.445712
  2      0.0000000      0.0000000      0.0000000      35.412986      25.463017      18.634207      17.667570      15.180459      14.994687
  3      0.0000000      0.0000000      0.0000000      0.0000000      15.512855      10.244259      11.752392      10.122288      10.910078
  4      0.0000000      0.0000000      0.0000000      0.0000000      0.0000000      4.9703964      9.8688831      8.3225285      9.7555567
  5      0.0000000      0.0000000      0.0000000      0.0000000      0.0000000      0.0000000      14.768850      9.9994370      11.350177
  6      0.0000000      0.0000000      0.0000000      0.0000000      0.0000000      0.0000000      0.0000000      5.2294927      9.6393892
  7      0.0000000      0.0000000      0.0000000      0.0000000      0.0000000      0.0000000      0.0000000      0.0000000      14.047949
  8      0.0000000      0.0000000      0.0000000      0.0000000      0.0000000      0.0000000      0.0000000      0.0000000      0.0000000

average attenuation coeffficient: 
14.642507


attenuation coefficient (method 1): 
14.350394


attenuation coefficient (method 2): 
13.722416


