"F1_D16_15,02 mm_2,5 MHz_00005_results"
***** findmax *****
max #0 = 1.8451500e-05,0.020905131
max #1 = 2.3122500e-05,0.018845372
max #2 = 2.7797000e-05,0.016850223
max #3 = 3.2473000e-05,0.014906762
max #4 = 3.7148000e-05,0.012960716
max #5 = 4.1828000e-05,0.011244681
max #6 = 4.6506000e-05,0.0096165152
max #7 = 5.1193500e-05,0.0085620841
max #8 = 5.5869000e-05,0.0071510071


velocity:
              0              1              2              3              4              5              6              7              8
  0      0.0000000      6399.0786      6402.3901      6404.2073      6406.0848      6406.2031      6406.9583      6405.7988      6407.0806
  1      0.0000000      0.0000000      6409.7918      6411.2640      6413.0891      6412.7037      6413.2429      6411.5720      6412.8093
  2      0.0000000      0.0000000      0.0000000      6413.5703      6415.6755      6414.6503      6415.0912      6412.9054      6414.2761
  3      0.0000000      0.0000000      0.0000000      0.0000000      6418.0308      6415.4777      6415.9057      6413.0553      6414.7375
  4      0.0000000      0.0000000      0.0000000      0.0000000      0.0000000      6413.0199      6414.9567      6411.5229      6414.0468
  5      0.0000000      0.0000000      0.0000000      0.0000000      0.0000000      0.0000000      6416.9383      6410.8288      6414.4509
  6      0.0000000      0.0000000      0.0000000      0.0000000      0.0000000      0.0000000      0.0000000      6404.7536      6413.2376
  7      0.0000000      0.0000000      0.0000000      0.0000000      0.0000000      0.0000000      0.0000000      0.0000000      6421.7586
  8      0.0000000      0.0000000      0.0000000      0.0000000      0.0000000      0.0000000      0.0000000      0.0000000      0.0000000

average velocity: 
6411.6990


attenuation:
              0              1              2              3              4              5              6              7              8
  0      0.0000000      2.6116349      9.6496420      18.219103      17.586125      15.771987      15.119721      13.206790      14.334248
  1      0.0000000      0.0000000      16.870987      26.065008      22.581738      19.054454      17.611799      14.961782      15.999946
  2      0.0000000      0.0000000      0.0000000      35.193065      25.366722      19.739249      17.760811      14.561200      15.833519
  3      0.0000000      0.0000000      0.0000000      0.0000000      15.543011      12.012402      11.951277      9.3996196      11.961101
  4      0.0000000      0.0000000      0.0000000      0.0000000      0.0000000      8.4672205      10.147403      7.3380590      11.057938
  5      0.0000000      0.0000000      0.0000000      0.0000000      0.0000000      0.0000000      11.833096      6.7704805      11.922798
  6      0.0000000      0.0000000      0.0000000      0.0000000      0.0000000      0.0000000      0.0000000      1.6980783      11.965028
  7      0.0000000      0.0000000      0.0000000      0.0000000      0.0000000      0.0000000      0.0000000      0.0000000      22.239783
  8      0.0000000      0.0000000      0.0000000      0.0000000      0.0000000      0.0000000      0.0000000      0.0000000      0.0000000

average attenuation coefficient: 
14.789078


attenuation coefficient (method 1): 
14.454702


attenuation coefficient (method 2): 
13.745712


***** autocorrelation *****
max #0 = 0.0000000,0.020905131
max #1 = 4.6760000e-06,0.018819528
max #2 = 9.3525000e-06,0.016785613
max #3 = 1.4030000e-05,0.014785295
max #4 = 1.8707500e-05,0.012888353
max #5 = 2.3385000e-05,0.011118046
max #6 = 2.8064500e-05,0.0095338147
max #7 = 3.2742000e-05,0.0085284870
max #8 = 3.7419500e-05,0.0070760598


velocity:
              0              1              2              3              4              5              6              7              8
  0      0.0000000      6392.3101      6397.6402      6400.3566      6402.3431      6403.8885      6404.6878      6405.7988      6406.7398
  1      0.0000000      0.0000000      6407.0643      6408.8750      6410.3565      6411.5078      6411.8757      6412.7113      6413.3955
  2      0.0000000      0.0000000      0.0000000      6411.5197      6412.9393      6413.9661      6414.0648      6414.8212      6415.4169
  3      0.0000000      0.0000000      0.0000000      0.0000000      6414.6075      6415.4777      6415.2210      6415.9642      6416.5177
  4      0.0000000      0.0000000      0.0000000      0.0000000      0.0000000      6416.4423      6415.6413      6416.5419      6417.1282
  5      0.0000000      0.0000000      0.0000000      0.0000000      0.0000000      0.0000000      6414.8839      6416.6461      6417.4186
  6      0.0000000      0.0000000      0.0000000      0.0000000      0.0000000      0.0000000      0.0000000      6418.4327      6418.7169
  7      0.0000000      0.0000000      0.0000000      0.0000000      0.0000000      0.0000000      0.0000000      0.0000000      6419.0151
  8      0.0000000      0.0000000      0.0000000      0.0000000      0.0000000      0.0000000      0.0000000      0.0000000      0.0000000

average velocity: 
6411.6926


attenuation:
              0              1              2              3              4              5              6              7              8
  0      0.0000000      3.0747721      10.179729      19.013834      18.007328      16.438506      15.547076      13.369192      14.716504
  1      0.0000000      0.0000000      17.529288      27.043628      22.996322      19.778515      18.037300      15.080838      16.376416
  2      0.0000000      0.0000000      0.0000000      36.479874      25.659573      20.468709      18.117747      14.549932      16.147585
  3      0.0000000      0.0000000      0.0000000      0.0000000      14.839984      12.466913      12.000759      9.0724572      12.086804
  4      0.0000000      0.0000000      0.0000000      0.0000000      0.0000000      10.097887      10.582600      7.1529275      11.402105
  5      0.0000000      0.0000000      0.0000000      0.0000000      0.0000000      0.0000000      11.064766      5.6804374      11.837641
  6      0.0000000      0.0000000      0.0000000      0.0000000      0.0000000      0.0000000      0.0000000     0.29884987      12.226607
  7      0.0000000      0.0000000      0.0000000      0.0000000      0.0000000      0.0000000      0.0000000      0.0000000      24.154598
  8      0.0000000      0.0000000      0.0000000      0.0000000      0.0000000      0.0000000      0.0000000      0.0000000      0.0000000

average attenuation coeffficient: 
15.099389


attenuation coefficient (method 1): 
14.756326


attenuation coefficient (method 2): 
14.082230


***** vawelet transform *****
max #0 = 1.8448203e-05,0.020856027
max #1 = 2.3123203e-05,0.018824697
max #2 = 2.7799203e-05,0.016764938
max #3 = 3.2474203e-05,0.014857658
max #4 = 3.7150203e-05,0.012911612
max #5 = 4.1828203e-05,0.011211084
max #6 = 4.6507203e-05,0.0095674118
max #7 = 5.1187203e-05,0.0084302802
max #8 = 5.5868203e-05,0.0071122413


velocity:
              0              1              2              3              4              5              6              7              8
  0      0.0000000      6393.6627      6398.6574      6402.1681      6404.2134      6405.2498      6405.9364      6406.3828      6406.6546
  1      0.0000000      0.0000000      6407.7460      6410.9226      6412.4057      6412.8746      6413.1061      6413.1672      6413.1023
  2      0.0000000      0.0000000      0.0000000      6414.9381      6415.6755      6415.5628      6415.4335      6415.2318      6414.9605
  3      0.0000000      0.0000000      0.0000000      0.0000000      6416.6610      6416.1623      6415.9057      6415.6218      6415.2851
  4      0.0000000      0.0000000      0.0000000      0.0000000      0.0000000      6415.7576      6415.6413      6415.4006      6415.0736
  5      0.0000000      0.0000000      0.0000000      0.0000000      0.0000000      0.0000000      6415.5685      6415.2763      6414.9073
  6      0.0000000      0.0000000      0.0000000      0.0000000      0.0000000      0.0000000      0.0000000      6415.0074      6414.6066
  7      0.0000000      0.0000000      0.0000000      0.0000000      0.0000000      0.0000000      0.0000000      0.0000000      6414.2197
  8      0.0000000      0.0000000      0.0000000      0.0000000      0.0000000      0.0000000      0.0000000      0.0000000      0.0000000

average velocity: 
6411.9207


attenuation:
              0              1              2              3              4              5              6              7              8
  0      0.0000000      2.3020829      10.023329      18.313709      17.698756      15.813796      15.258100      13.747772      14.447535
  1      0.0000000      0.0000000      17.978978      26.382495      22.843597      19.190754      17.844899      15.650503      16.178113
  2      0.0000000      0.0000000      0.0000000      34.658634      25.181911      19.527722      17.760630      15.144901      15.845823
  3      0.0000000      0.0000000      0.0000000      0.0000000      15.704055      11.961085      12.126665      10.264940      12.081427
  4      0.0000000      0.0000000      0.0000000      0.0000000      0.0000000      8.2147117      10.334692      8.4485443      11.172241
  5      0.0000000      0.0000000      0.0000000      0.0000000      0.0000000      0.0000000      12.454139      8.5645968      12.156913
  6      0.0000000      0.0000000      0.0000000      0.0000000      0.0000000      0.0000000      0.0000000      4.6745239      12.007551
  7      0.0000000      0.0000000      0.0000000      0.0000000      0.0000000      0.0000000      0.0000000      0.0000000      19.340184
  8      0.0000000      0.0000000      0.0000000      0.0000000      0.0000000      0.0000000      0.0000000      0.0000000      0.0000000

average attenuation coeffficient: 
15.036120


attenuation coefficient (method 1): 
14.721430


attenuation coefficient (method 2): 
13.992570


