"F1_D16_15,02 mm_2,5 MHz_00001_results"
***** findmax *****
max #0 = 1.8443000e-05,0.020719055
max #1 = 2.3121000e-05,0.018757503
max #2 = 2.7793500e-05,0.016772691
max #3 = 3.2470500e-05,0.014676751
max #4 = 3.7153500e-05,0.012898690
max #5 = 4.1829500e-05,0.011298953
max #6 = 4.6504500e-05,0.0095648274
max #7 = 5.1184500e-05,0.0085775904
max #8 = 5.5864500e-05,0.0071742666


velocity:
              0              1              2              3              4              5              6              7              8
  0      0.0000000      6389.6067      6398.9966      6401.4887      6401.3234      6403.4802      6405.3688      6405.8962      6406.3990
  1      0.0000000      0.0000000      6412.5215      6411.9469      6409.9012      6411.6786      6413.2429      6413.2812      6413.3955
  2      0.0000000      0.0000000      0.0000000      6412.2031      6409.5222      6412.3703      6414.4069      6414.4106      6414.5042
  3      0.0000000      0.0000000      0.0000000      0.0000000      6407.0890      6412.7406      6415.4492      6415.2795      6415.2851
  4      0.0000000      0.0000000      0.0000000      0.0000000      0.0000000      6418.4975      6419.7523      6418.1405      6417.4708
  5      0.0000000      0.0000000      0.0000000      0.0000000      0.0000000      0.0000000      6421.0512      6418.0164      6417.1903
  6      0.0000000      0.0000000      0.0000000      0.0000000      0.0000000      0.0000000      0.0000000      6415.0074      6415.2913
  7      0.0000000      0.0000000      0.0000000      0.0000000      0.0000000      0.0000000      0.0000000      0.0000000      6415.5891
  8      0.0000000      0.0000000      0.0000000      0.0000000      0.0000000      0.0000000      0.0000000      0.0000000      0.0000000

average velocity: 
6411.6054


attenuation:
              0              1              2              3              4              5              6              7              8
  0      0.0000000      1.4708131      9.0056821      18.860468      17.307581      14.990126      14.956365      12.762289      13.896640
  1      0.0000000      0.0000000      16.908952      27.639148      22.602078      18.372496      17.653196      14.642943      15.670717
  2      0.0000000      0.0000000      0.0000000      38.377108      25.480797      18.857848      17.823884      14.176927      15.453072
  3      0.0000000      0.0000000      0.0000000      0.0000000      12.574033      9.0957813      10.975699      8.1295141      10.870847
  4      0.0000000      0.0000000      0.0000000      0.0000000      0.0000000      5.6476535      10.204808      6.6690936      10.462304
  5      0.0000000      0.0000000      0.0000000      0.0000000      0.0000000      0.0000000      14.765457      7.1789506      12.065527
  6      0.0000000      0.0000000      0.0000000      0.0000000      0.0000000      0.0000000      0.0000000    -0.41244273      10.711538
  7      0.0000000      0.0000000      0.0000000      0.0000000      0.0000000      0.0000000      0.0000000      0.0000000      21.835753
  8      0.0000000      0.0000000      0.0000000      0.0000000      0.0000000      0.0000000      0.0000000      0.0000000      0.0000000

average attenuation coefficient: 
14.380101


attenuation coefficient (method 1): 
14.034968


attenuation coefficient (method 2): 
13.369076


***** autocorrelation *****
max #0 = 0.0000000,0.020719055
max #1 = 4.6765000e-06,0.018638621
max #2 = 9.3525000e-06,0.016682237
max #3 = 1.4030500e-05,0.014643154
max #4 = 1.8708500e-05,0.012805652
max #5 = 2.3385500e-05,0.011239512
max #6 = 2.8062500e-05,0.0095157240
max #7 = 3.2741500e-05,0.0085775904
max #8 = 3.7421000e-05,0.0070993193


velocity:
              0              1              2              3              4              5              6              7              8
  0      0.0000000      6391.6341      6397.6402      6400.1302      6402.0032      6403.7524      6405.1418      6405.8962      6406.4842
  1      0.0000000      0.0000000      6407.7460      6408.8750      6410.1288      6411.5078      6412.5592      6412.9393      6413.2000
  2      0.0000000      0.0000000      0.0000000      6410.8365      6412.2556      6413.7381      6414.7490      6414.9581      6415.0746
  3      0.0000000      0.0000000      0.0000000      0.0000000      6413.9233      6415.4777      6416.3622      6416.3066      6416.2438
  4      0.0000000      0.0000000      0.0000000      0.0000000      0.0000000      6417.1273      6417.6961      6417.2269      6416.9569
  5      0.0000000      0.0000000      0.0000000      0.0000000      0.0000000      0.0000000      6418.3087      6417.3311      6416.9619
  6      0.0000000      0.0000000      0.0000000      0.0000000      0.0000000      0.0000000      0.0000000      6416.3771      6416.3186
  7      0.0000000      0.0000000      0.0000000      0.0000000      0.0000000      0.0000000      0.0000000      0.0000000      6416.2740
  8      0.0000000      0.0000000      0.0000000      0.0000000      0.0000000      0.0000000      0.0000000      0.0000000      0.0000000

average velocity: 
6411.6706


attenuation:
              0              1              2              3              4              5              6              7              8
  0      0.0000000      3.2891608      9.7802518      19.083532      17.827866      15.293790      15.205515      12.762289      14.275837
  1      0.0000000      0.0000000      16.536533      27.043766      22.686400      18.294837      17.585859      14.337831      15.842558
  2      0.0000000      0.0000000      0.0000000      37.497451      25.706824      18.828746      17.801615      13.859510      15.694294
  3      0.0000000      0.0000000      0.0000000      0.0000000      13.916897      9.4994185      11.243410      7.9568173      11.339996
  4      0.0000000      0.0000000      0.0000000      0.0000000      0.0000000      5.0897094      9.9144304      5.9758189      10.700257
  5      0.0000000      0.0000000      0.0000000      0.0000000      0.0000000      0.0000000      14.740632      6.4188633      12.570007
  6      0.0000000      0.0000000      0.0000000      0.0000000      0.0000000      0.0000000      0.0000000     -1.9045261      11.483244
  7      0.0000000      0.0000000      0.0000000      0.0000000      0.0000000      0.0000000      0.0000000      0.0000000      24.870934
  8      0.0000000      0.0000000      0.0000000      0.0000000      0.0000000      0.0000000      0.0000000      0.0000000      0.0000000

average attenuation coeffficient: 
14.529177


attenuation coefficient (method 1): 
14.157327


attenuation coefficient (method 2): 
13.490936


***** vawelet transform *****
max #0 = 1.8446578e-05,0.020669951
max #1 = 2.3121078e-05,0.018713568
max #2 = 2.7796578e-05,0.016731341
max #3 = 3.2471578e-05,0.014632816
max #4 = 3.7147078e-05,0.012878015
max #5 = 4.1825078e-05,0.011224006
max #6 = 4.6504078e-05,0.0095648274
max #7 = 5.1183578e-05,0.0084871368
max #8 = 5.5864078e-05,0.0071742666


velocity:
              0              1              2              3              4              5              6              7              8
  0      0.0000000      6394.3392      6399.3358      6402.6212      6404.7237      6405.6583      6406.2770      6406.7722      6407.0806
  1      0.0000000      0.0000000      6408.4278      6411.2640      6412.8613      6413.2164      6413.3796      6413.5091      6413.4932
  2      0.0000000      0.0000000      0.0000000      6414.9381      6416.0177      6415.7909      6415.6046      6415.5057      6415.3028
  3      0.0000000      0.0000000      0.0000000      0.0000000      6417.3459      6416.5047      6416.1339      6415.9642      6415.6959
  4      0.0000000      0.0000000      0.0000000      0.0000000      0.0000000      6415.7576      6415.6413      6415.6288      6415.4159
  5      0.0000000      0.0000000      0.0000000      0.0000000      0.0000000      0.0000000      6415.5685      6415.6187      6415.3637
  6      0.0000000      0.0000000      0.0000000      0.0000000      0.0000000      0.0000000      0.0000000      6415.6922      6415.2913
  7      0.0000000      0.0000000      0.0000000      0.0000000      0.0000000      0.0000000      0.0000000      0.0000000      6414.9043
  8      0.0000000      0.0000000      0.0000000      0.0000000      0.0000000      0.0000000      0.0000000      0.0000000      0.0000000

average velocity: 
6412.2957


attenuation:
              0              1              2              3              4              5              6              7              8
  0      0.0000000      1.4161145      9.0213021      18.918913      17.237023      15.226879      14.837566      13.098145      13.807970
  1      0.0000000      0.0000000      16.860952      27.731882      22.522853      18.678183      17.517048      15.039965      15.573512
  2      0.0000000      0.0000000      0.0000000      38.487692      25.263721      19.220636      17.633435      14.637835      15.328146
  3      0.0000000      0.0000000      0.0000000      0.0000000      12.039564      9.5865537      10.681139      8.6744390      10.695068
  4      0.0000000      0.0000000      0.0000000      0.0000000      0.0000000      7.1282777      9.9970720      7.5484693      10.354821
  5      0.0000000      0.0000000      0.0000000      0.0000000      0.0000000      0.0000000      12.865333      7.7581279      11.429657
  6      0.0000000      0.0000000      0.0000000      0.0000000      0.0000000      0.0000000      0.0000000      2.6509373      10.711538
  7      0.0000000      0.0000000      0.0000000      0.0000000      0.0000000      0.0000000      0.0000000      0.0000000      18.771745
  8      0.0000000      0.0000000      0.0000000      0.0000000      0.0000000      0.0000000      0.0000000      0.0000000      0.0000000

average attenuation coeffficient: 
14.415348


attenuation coefficient (method 1): 
14.100055


attenuation coefficient (method 2): 
13.449824


