"F1_D16_15,02 mm_2,5 MHz_00000_results"
***** findmax *****
max #0 = 1.8448500e-05,0.020437356
max #1 = 2.3121500e-05,0.018491310
max #2 = 2.7795000e-05,0.016540096
max #3 = 3.2478000e-05,0.014539778
max #4 = 3.7155500e-05,0.012761718
max #5 = 4.1829500e-05,0.011149058
max #6 = 4.6507500e-05,0.0094976332
max #7 = 5.1186000e-05,0.0083113982
max #8 = 5.5867000e-05,0.0070553847


velocity:
              0              1              2              3              4              5              6              7              8
  0      0.0000000      6396.3695      6401.7111      6400.5830      6402.5131      6404.9775      6405.9364      6406.6749      6406.9102
  1      0.0000000      0.0000000      6411.1563      6407.1697      6409.2185      6411.8494      6412.5592      6413.0532      6413.0047
  2      0.0000000      0.0000000      0.0000000      6404.0121      6409.1807      6413.0541      6413.8937      6414.4106      6414.2761
  3      0.0000000      0.0000000      0.0000000      0.0000000      6414.6075      6417.8746      6417.5037      6417.3340      6416.6547
  4      0.0000000      0.0000000      0.0000000      0.0000000      0.0000000      6421.2398      6419.0668      6418.3690      6417.2995
  5      0.0000000      0.0000000      0.0000000      0.0000000      0.0000000      0.0000000      6416.9383      6416.9886      6416.0486
  6      0.0000000      0.0000000      0.0000000      0.0000000      0.0000000      0.0000000      0.0000000      6417.0621      6415.6337
  7      0.0000000      0.0000000      0.0000000      0.0000000      0.0000000      0.0000000      0.0000000      0.0000000      6414.2197
  8      0.0000000      0.0000000      0.0000000      0.0000000      0.0000000      0.0000000      0.0000000      0.0000000      0.0000000

average velocity: 
6411.9265


attenuation:
              0              1              2              3              4              5              6              7              8
  0      0.0000000      1.5787487      9.0599379      18.446235      17.084490      14.963301      14.633622      13.495433      14.003611
  1      0.0000000      0.0000000      16.786088      26.916674      22.255263      18.304047      17.237036      15.474233      15.771898
  2      0.0000000      0.0000000      0.0000000      37.177723      25.010189      18.790960      17.329206      15.192439      15.587056
  3      0.0000000      0.0000000      0.0000000      0.0000000      12.853339      9.6192184      10.734638      9.7164873      11.286877
  4      0.0000000      0.0000000      0.0000000      0.0000000      0.0000000      6.4021881      9.6846304      8.6774711      10.899154
  5      0.0000000      0.0000000      0.0000000      0.0000000      0.0000000      0.0000000      12.960503      9.8095610      12.392304
  6      0.0000000      0.0000000      0.0000000      0.0000000      0.0000000      0.0000000      0.0000000      6.6586337      12.107222
  7      0.0000000      0.0000000      0.0000000      0.0000000      0.0000000      0.0000000      0.0000000      0.0000000      17.554475
  8      0.0000000      0.0000000      0.0000000      0.0000000      0.0000000      0.0000000      0.0000000      0.0000000      0.0000000

average attenuation coefficient: 
14.623747


attenuation coefficient (method 1): 
14.293948


attenuation coefficient (method 2): 
13.541850


***** autocorrelation *****
max #0 = 0.0000000,0.020437356
max #1 = 4.6760000e-06,0.018442207
max #2 = 9.3525000e-06,0.016478071
max #3 = 1.4029500e-05,0.014539778
max #4 = 1.8707000e-05,0.012761718
max #5 = 2.3384500e-05,0.011035345
max #6 = 2.8062500e-05,0.0094226859
max #7 = 3.2740000e-05,0.0082752168
max #8 = 3.7418500e-05,0.0070553847


velocity:
              0              1              2              3              4              5              6              7              8
  0      0.0000000      6392.3101      6397.6402      6400.5830      6402.5131      6404.0246      6405.1418      6406.1882      6406.9102
  1      0.0000000      0.0000000      6407.0643      6409.2162      6410.5841      6411.6786      6412.4225      6413.1672      6413.5909
  2      0.0000000      0.0000000      0.0000000      6412.2031      6413.2812      6414.1942      6414.7490      6415.3687      6415.6451
  3      0.0000000      0.0000000      0.0000000      0.0000000      6414.6075      6415.4777      6415.9057      6416.4778      6416.6547
  4      0.0000000      0.0000000      0.0000000      0.0000000      0.0000000      6416.4423      6416.6686      6417.2269      6417.2995
  5      0.0000000      0.0000000      0.0000000      0.0000000      0.0000000      0.0000000      6416.9383      6417.6737      6417.6470
  6      0.0000000      0.0000000      0.0000000      0.0000000      0.0000000      0.0000000      0.0000000      6418.4327      6418.0315
  7      0.0000000      0.0000000      0.0000000      0.0000000      0.0000000      0.0000000      0.0000000      0.0000000      6417.6442
  8      0.0000000      0.0000000      0.0000000      0.0000000      0.0000000      0.0000000      0.0000000      0.0000000      0.0000000

average velocity: 
6411.9890


attenuation:
              0              1              2              3              4              5              6              7              8
  0      0.0000000      2.3874561      9.5814115      18.446235      17.084490      15.560910      15.019306      13.677882      14.003611
  1      0.0000000      0.0000000      17.019968      26.537268      21.995375      18.853547      17.541955      15.555909      15.660018
  2      0.0000000      0.0000000      0.0000000      35.964174      24.408866      19.403346      17.621723      15.219230      15.395763
  3      0.0000000      0.0000000      0.0000000      0.0000000      12.853339      11.125479      11.511301      10.037714      11.286877
  4      0.0000000      0.0000000      0.0000000      0.0000000      0.0000000      9.4016633      10.844102      9.1035090      10.899154
  5      0.0000000      0.0000000      0.0000000      0.0000000      0.0000000      0.0000000      12.287013      8.9557011      11.399360
  6      0.0000000      0.0000000      0.0000000      0.0000000      0.0000000      0.0000000      0.0000000      5.6254936      10.956190
  7      0.0000000      0.0000000      0.0000000      0.0000000      0.0000000      0.0000000      0.0000000      0.0000000      16.286491
  8      0.0000000      0.0000000      0.0000000      0.0000000      0.0000000      0.0000000      0.0000000      0.0000000      0.0000000

average attenuation coeffficient: 
14.708662


attenuation coefficient (method 1): 
14.407933


attenuation coefficient (method 2): 
13.695572


***** vawelet transform *****
max #0 = 1.8448172e-05,0.020437356
max #1 = 2.3122672e-05,0.018449960
max #2 = 2.7797672e-05,0.016498746
max #3 = 3.2472672e-05,0.014519103
max #4 = 3.7148672e-05,0.012658342
max #5 = 4.1826172e-05,0.011019839
max #6 = 4.6505172e-05,0.0094743737
max #7 = 5.1184672e-05,0.0082829699
max #8 = 5.5865672e-05,0.0070243720


velocity:
              0              1              2              3              4              5              6              7              8
  0      0.0000000      6394.3392      6399.6750      6402.8477      6404.7237      6405.7945      6406.3905      6406.8696      6407.0806
  1      0.0000000      0.0000000      6409.1097      6411.6054      6412.8613      6413.3873      6413.5164      6413.6231      6413.4932
  2      0.0000000      0.0000000      0.0000000      6414.9381      6415.6755      6415.7909      6415.6046      6415.5057      6415.1887
  3      0.0000000      0.0000000      0.0000000      0.0000000      6416.6610      6416.5047      6416.1339      6415.9642      6415.5590
  4      0.0000000      0.0000000      0.0000000      0.0000000      0.0000000      6416.4423      6415.9837      6415.8571      6415.4159
  5      0.0000000      0.0000000      0.0000000      0.0000000      0.0000000      0.0000000      6415.5685      6415.6187      6415.1355
  6      0.0000000      0.0000000      0.0000000      0.0000000      0.0000000      0.0000000      0.0000000      6415.6922      6414.9489
  7      0.0000000      0.0000000      0.0000000      0.0000000      0.0000000      0.0000000      0.0000000      0.0000000      6414.2197
  8      0.0000000      0.0000000      0.0000000      0.0000000      0.0000000      0.0000000      0.0000000      0.0000000      0.0000000

average velocity: 
6412.3257


attenuation:
              0              1              2              3              4              5              6              7              8
  0      0.0000000      2.2459638      9.4109506      18.579756      17.662683      15.633376      14.749559      13.636063      14.162104
  1      0.0000000      0.0000000      16.820719      26.809600      22.813783      18.979039      17.245598      15.529323      15.859687
  2      0.0000000      0.0000000      0.0000000      36.695622      25.732053      19.640704      17.308337      15.236411      15.671897
  3      0.0000000      0.0000000      0.0000000      0.0000000      14.767351      11.112691      10.845032      9.8706764      11.465762
  4      0.0000000      0.0000000      0.0000000      0.0000000      0.0000000      7.4564883      8.8813831      8.2360000      10.637429
  5      0.0000000      0.0000000      0.0000000      0.0000000      0.0000000      0.0000000      10.304737      8.6244657      11.696080
  6      0.0000000      0.0000000      0.0000000      0.0000000      0.0000000      0.0000000      0.0000000      6.9442080      12.391237
  7      0.0000000      0.0000000      0.0000000      0.0000000      0.0000000      0.0000000      0.0000000      0.0000000      17.837557
  8      0.0000000      0.0000000      0.0000000      0.0000000      0.0000000      0.0000000      0.0000000      0.0000000      0.0000000

average attenuation coeffficient: 
14.763731


attenuation coefficient (method 1): 
14.443905


attenuation coefficient (method 2): 
13.747351


