"F1_D16_15,02 mm_2,5 MHz_00004_results"
***** findmax *****
max #0 = 1.8452500e-05,0.020923221
max #1 = 2.3120500e-05,0.018855709
max #2 = 2.7802500e-05,0.016847638
max #3 = 3.2474000e-05,0.014855074
max #4 = 3.7154500e-05,0.012921950
max #5 = 4.1829000e-05,0.011350641
max #6 = 4.6507000e-05,0.0096320215
max #7 = 5.1182500e-05,0.0085129807
max #8 = 5.5871000e-05,0.0072466296
max #9 = 6.0545000e-05,0.0059311751
max #10 = 6.5232000e-05,0.0054349722


velocity:
              0              1              2              3              4              5              6              7              8              9             10
  0      0.0000000      6403.1465      6399.3358      6404.2073      6404.2134      6406.2031      6406.9583      6408.1355      6406.9102      6408.2333      6407.5789
  1      0.0000000      0.0000000      6399.5759      6409.2162      6409.2185      6411.6786      6412.4225      6413.6231      6412.0279      6413.3694      6412.4793
  2      0.0000000      0.0000000      0.0000000      6419.7300      6414.9912      6416.7037      6416.6315      6417.4230      6415.0746      6416.2932      6415.0228
  3      0.0000000      0.0000000      0.0000000      0.0000000      6410.5043      6415.4777      6415.9057      6417.1627      6414.4637      6416.0408      6414.6689
  4      0.0000000      0.0000000      0.0000000      0.0000000      0.0000000      6420.5540      6418.7240      6419.5114      6415.5871      6417.2868      6415.5036
  5      0.0000000      0.0000000      0.0000000      0.0000000      0.0000000      0.0000000      6416.9383      6419.0445      6413.9945      6416.5372      6414.5647
  6      0.0000000      0.0000000      0.0000000      0.0000000      0.0000000      0.0000000      0.0000000      6421.1755      6412.5534      6416.4383      6414.0099
  7      0.0000000      0.0000000      0.0000000      0.0000000      0.0000000      0.0000000      0.0000000      0.0000000      6403.9678      6414.0904      6411.6462
  8      0.0000000      0.0000000      0.0000000      0.0000000      0.0000000      0.0000000      0.0000000      0.0000000      0.0000000      6424.2546      6415.5046
  9      0.0000000      0.0000000      0.0000000      0.0000000      0.0000000      0.0000000      0.0000000      0.0000000      0.0000000      0.0000000      6406.7844
 10      0.0000000      0.0000000      0.0000000      0.0000000      0.0000000      0.0000000      0.0000000      0.0000000      0.0000000      0.0000000      0.0000000

average velocity: 
6412.9691


attenuation:
              0              1              2              3              4              5              6              7              8              9             10
  0      0.0000000      2.6636519      9.7805642      18.637245      17.873419      15.279630      15.083761      13.469335      13.886140      15.700225      14.093752
  1      0.0000000      0.0000000      16.865354      26.641439      22.933531      18.420042      17.553572      15.257671      15.476644      17.319354      15.353918
  2      0.0000000      0.0000000      0.0000000      36.057089      25.787317      18.796045      17.617796      14.846103      15.180022      17.324663      15.117041
  3      0.0000000      0.0000000      0.0000000      0.0000000      15.501212      10.154298      11.461216      9.5361491      10.993685      14.194955      12.116729
  4      0.0000000      0.0000000      0.0000000      0.0000000      0.0000000      4.8337875      9.4592359      7.5648080      9.8748501      13.943444      11.558922
  5      0.0000000      0.0000000      0.0000000      0.0000000      0.0000000      0.0000000      14.079120      8.9281768      11.547891      16.216821      12.898679
  6      0.0000000      0.0000000      0.0000000      0.0000000      0.0000000      0.0000000      0.0000000      3.7805204      10.279187      16.928997      12.601927
  7      0.0000000      0.0000000      0.0000000      0.0000000      0.0000000      0.0000000      0.0000000      0.0000000      16.769940      23.500373      15.538996
  8      0.0000000      0.0000000      0.0000000      0.0000000      0.0000000      0.0000000      0.0000000      0.0000000      0.0000000      30.236520      14.926376
  9      0.0000000      0.0000000      0.0000000      0.0000000      0.0000000      0.0000000      0.0000000      0.0000000      0.0000000      0.0000000    -0.38692289
 10      0.0000000      0.0000000      0.0000000      0.0000000      0.0000000      0.0000000      0.0000000      0.0000000      0.0000000      0.0000000      0.0000000

average attenuation coefficient: 
14.764640


attenuation coefficient (method 1): 
15.382241


attenuation coefficient (method 2): 
14.500789


***** autocorrelation *****
max #0 = 0.0000000,0.020861196
max #1 = 4.6765000e-06,0.018842787
max #2 = 9.3535000e-06,0.016793366
max #3 = 1.4031000e-05,0.014774958
max #4 = 1.8708500e-05,0.012898690
max #5 = 2.3387000e-05,0.011257603
max #6 = 2.8066500e-05,0.0094614518
max #7 = 3.2746000e-05,0.0084871368


velocity:
              0              1              2              3              4              5              6              7
  0      0.0000000      6391.6341      6396.9622      6399.9039      6402.0032      6403.3441      6404.2339      6405.0203
  1      0.0000000      0.0000000      6406.3828      6408.5339      6410.1288      6410.9954      6411.4656      6411.9138
  2      0.0000000      0.0000000      0.0000000      6411.5197      6412.9393      6413.5101      6413.7227      6414.0000
  3      0.0000000      0.0000000      0.0000000      0.0000000      6414.6075      6414.7932      6414.7647      6414.9372
  4      0.0000000      0.0000000      0.0000000      0.0000000      0.0000000      6415.0729      6414.9567      6415.1723
  5      0.0000000      0.0000000      0.0000000      0.0000000      0.0000000      0.0000000      6414.8839      6415.2763
  6      0.0000000      0.0000000      0.0000000      0.0000000      0.0000000      0.0000000      0.0000000      6415.6922
  7      0.0000000      0.0000000      0.0000000      0.0000000      0.0000000      0.0000000      0.0000000      0.0000000

average velocity: 
6409.9418


attenuation:
              0              1              2              3              4              5              6              7
  0      0.0000000      2.1159909      9.8052158      18.879199      17.798796      15.598201      15.815086      13.486637
  1      0.0000000      0.0000000      17.738982      27.322471      23.038697      18.968050      18.550946      15.377577
  2      0.0000000      0.0000000      0.0000000      36.815617      25.610427      19.316370      18.705314      14.864758
  3      0.0000000      0.0000000      0.0000000      0.0000000      14.405948      10.569286      12.671428      9.3802664
  4      0.0000000      0.0000000      0.0000000      0.0000000      0.0000000      6.7329430      11.804044      7.7053021
  5      0.0000000      0.0000000      0.0000000      0.0000000      0.0000000      0.0000000      16.874612      8.1914709
  6      0.0000000      0.0000000      0.0000000      0.0000000      0.0000000      0.0000000      0.0000000    -0.49111073
  7      0.0000000      0.0000000      0.0000000      0.0000000      0.0000000      0.0000000      0.0000000      0.0000000

average attenuation coeffficient: 
15.273304


attenuation coefficient (method 1): 
14.509148


attenuation coefficient (method 2): 
13.974423


***** vawelet transform *****
max #0 = 1.8447500e-05,0.020861196
max #1 = 2.3122500e-05,0.018829866
max #2 = 2.7797500e-05,0.016770107
max #3 = 3.2473000e-05,0.014824061
max #4 = 3.7149500e-05,0.012903859
max #5 = 4.1827500e-05,0.011319628
max #6 = 4.6506500e-05,0.0096320215
max #7 = 5.1186000e-05,0.0084509553
max #8 = 5.5868000e-05,0.0072156169
max #9 = 6.0550500e-05,0.0058588121
max #10 = 6.5230500e-05,0.0054117127


velocity:
              0              1              2              3              4              5              6              7              8              9             10
  0      0.0000000      6393.6627      6399.3358      6402.3946      6404.2134      6405.2498      6405.9364      6406.4802      6406.5694      6406.6421      6407.1015
  1      0.0000000      0.0000000      6409.1097      6411.2640      6412.4057      6412.8746      6413.1061      6413.2812      6413.0047      6412.7710      6413.0112
  2      0.0000000      0.0000000      0.0000000      6414.2541      6414.9912      6415.1065      6415.0912      6415.0949      6414.6183      6414.2395      6414.4239
  3      0.0000000      0.0000000      0.0000000      0.0000000      6415.9764      6415.8200      6415.6775      6415.6218      6415.0113      6414.5573      6414.7667
  4      0.0000000      0.0000000      0.0000000      0.0000000      0.0000000      6415.7576      6415.6413      6415.6288      6414.9024      6414.4105      6414.7047
  5      0.0000000      0.0000000      0.0000000      0.0000000      0.0000000      0.0000000      6415.5685      6415.6187      6414.6791      6414.1405      6414.5647
  6      0.0000000      0.0000000      0.0000000      0.0000000      0.0000000      0.0000000      0.0000000      6415.6922      6414.2643      6413.6994      6414.3521
  7      0.0000000      0.0000000      0.0000000      0.0000000      0.0000000      0.0000000      0.0000000      0.0000000      6412.8508      6412.7216      6413.9272
  8      0.0000000      0.0000000      0.0000000      0.0000000      0.0000000      0.0000000      0.0000000      0.0000000      0.0000000      6412.6014      6414.4775
  9      0.0000000      0.0000000      0.0000000      0.0000000      0.0000000      0.0000000      0.0000000      0.0000000      0.0000000      0.0000000      6416.3609
 10      0.0000000      0.0000000      0.0000000      0.0000000      0.0000000      0.0000000      0.0000000      0.0000000      0.0000000      0.0000000      0.0000000

average velocity: 
6412.3678


attenuation:
              0              1              2              3              4              5              6              7              8              9             10
  0      0.0000000      2.2943521      10.018197      18.555421      17.760088      15.270929      14.945699      13.656381      13.935302      16.005492      14.133659
  1      0.0000000      0.0000000      17.997086      26.750307      22.927950      18.514104      17.471565      15.545263      15.593734      17.715386      15.446059
  2      0.0000000      0.0000000      0.0000000      35.412986      25.323023      18.634207      17.299835      15.022254      15.167834      17.654753      15.108875
  3      0.0000000      0.0000000      0.0000000      0.0000000      15.231921      10.244259      11.261659      9.9242340      11.117634      14.693385      12.207115
  4      0.0000000      0.0000000      0.0000000      0.0000000      0.0000000      5.2550538      9.2748272      8.1534582      10.086422      14.582569      11.700594
  5      0.0000000      0.0000000      0.0000000      0.0000000      0.0000000      0.0000000      13.294067      9.6022232      11.695462      16.912677      12.988474
  6      0.0000000      0.0000000      0.0000000      0.0000000      0.0000000      0.0000000      0.0000000      5.9103939      10.895176      18.117672      12.911342
  7      0.0000000      0.0000000      0.0000000      0.0000000      0.0000000      0.0000000      0.0000000      0.0000000      15.878621      24.220087      15.244330
  8      0.0000000      0.0000000      0.0000000      0.0000000      0.0000000      0.0000000      0.0000000      0.0000000      0.0000000      32.561467      14.927570
  9      0.0000000      0.0000000      0.0000000      0.0000000      0.0000000      0.0000000      0.0000000      0.0000000      0.0000000      0.0000000     -2.7056529
 10      0.0000000      0.0000000      0.0000000      0.0000000      0.0000000      0.0000000      0.0000000      0.0000000      0.0000000      0.0000000      0.0000000

average attenuation coeffficient: 
14.915414


attenuation coefficient (method 1): 
15.537818


attenuation coefficient (method 2): 
14.614048


