"F1_D16_15,02 mm_10 MHz_00003.trc_results"
***** findmax *****
max #0 = 2.8575000e-06,0.0080490500
max #1 = 7.5429998e-06,0.0069959200
max #2 = 1.2225500e-05,0.0063769600
max #3 = 1.6909500e-05,0.0058239000
max #4 = 2.1591499e-05,0.0054233200
max #5 = 2.6275498e-05,0.0048741400
max #6 = 3.0959498e-05,0.0043159100
max #7 = 3.5641500e-05,0.0038714000
max #8 = 4.0327999e-05,0.0036982500
max #9 = 4.5009998e-05,0.0032524400
max #10 = 4.9693997e-05,0.0031193500


velocity:
              0              1              2              3              4              5              6              7              8              9             10
  0      0.0000000      6413.3633      6415.6960      6415.8355      6416.6036      6416.5204      6416.4653      6416.8157      6416.3072      6416.5945      6416.5484
  1      0.0000000      0.0000000      6418.0879      6417.0956      6417.6715      6417.2613      6417.0024      6417.2743      6416.5788      6416.8187      6416.6933
  2      0.0000000      0.0000000      0.0000000      6416.0563      6417.3891      6416.8859      6416.6071      6416.9653      6416.1603      6416.4514      6416.3154
  3      0.0000000      0.0000000      0.0000000      0.0000000      6418.6733      6417.2301      6416.7007      6417.0852      6416.0585      6416.3810      6416.2041
  4      0.0000000      0.0000000      0.0000000      0.0000000      0.0000000      6415.7467      6415.6577      6416.4847      6415.3217      6415.8288      6415.6898
  5      0.0000000      0.0000000      0.0000000      0.0000000      0.0000000      0.0000000      6415.5372      6416.8103      6415.1264      6415.7873      6415.6093
  6      0.0000000      0.0000000      0.0000000      0.0000000      0.0000000      0.0000000      0.0000000      6418.0605      6414.8888      6415.8314      6415.5821
  7      0.0000000      0.0000000      0.0000000      0.0000000      0.0000000      0.0000000      0.0000000      0.0000000      6411.7031      6414.6941      6414.7280
  8      0.0000000      0.0000000      0.0000000      0.0000000      0.0000000      0.0000000      0.0000000      0.0000000      0.0000000      6417.6757      6416.2249
  9      0.0000000      0.0000000      0.0000000      0.0000000      0.0000000      0.0000000      0.0000000      0.0000000      0.0000000      0.0000000      6414.7660
 10      0.0000000      0.0000000      0.0000000      0.0000000      0.0000000      0.0000000      0.0000000      0.0000000      0.0000000      0.0000000      0.0000000

average velocity: 
6416.2573


attenuation:
              0              1              2              3              4              5              6              7              8              9             10
  0      0.0000000      26.181294      21.637334      21.097790      17.866054      20.907818      21.619364      21.124871      19.587594      21.826317      21.272492
  1      0.0000000      0.0000000      17.123778      18.564796      15.099520      19.593155      20.708215      20.283794      18.647346      21.283693      20.728490
  2      0.0000000      0.0000000      0.0000000      20.017391      14.090066      20.419359      21.608610      20.918151      18.903794      21.879468      21.180534
  3      0.0000000      0.0000000      0.0000000      0.0000000      8.1619213      20.620943      22.138933      21.143498      18.681121      22.189886      21.346681
  4      0.0000000      0.0000000      0.0000000      0.0000000      0.0000000      33.074002      29.131068      25.470812      21.308487      24.993156      23.542172
  5      0.0000000      0.0000000      0.0000000      0.0000000      0.0000000      0.0000000      25.189891      21.667227      17.386717      22.972838      21.635695
  6      0.0000000      0.0000000      0.0000000      0.0000000      0.0000000      0.0000000      0.0000000      18.167218      13.480504      22.235275      20.747247
  7      0.0000000      0.0000000      0.0000000      0.0000000      0.0000000      0.0000000      0.0000000      0.0000000      8.7716007      24.264181      21.605809
  8      0.0000000      0.0000000      0.0000000      0.0000000      0.0000000      0.0000000      0.0000000      0.0000000      0.0000000      39.741618      28.010651
  9      0.0000000      0.0000000      0.0000000      0.0000000      0.0000000      0.0000000      0.0000000      0.0000000      0.0000000      0.0000000      16.288479
 10      0.0000000      0.0000000      0.0000000      0.0000000      0.0000000      0.0000000      0.0000000      0.0000000      0.0000000      0.0000000      0.0000000

average attenuation coefficient: 
21.057068


attenuation coefficient (method 1): 
21.408707


attenuation coefficient (method 2): 
21.649661


***** autocorrelation *****
max #0 = 0.0000000,0.0080089900
max #1 = 4.6834998e-06,0.0069726600
max #2 = 9.3669996e-06,0.0063769600
max #3 = 1.4050999e-05,0.0058239000
max #4 = 1.8734500e-05,0.0053961900
max #5 = 2.3417999e-05,0.0048586300
max #6 = 2.8101998e-05,0.0042849000
max #7 = 3.2785498e-05,0.0037938700
max #8 = 3.7468999e-05,0.0036969600
max #9 = 4.2152999e-05,0.0032175500


velocity:
              0              1              2              3              4              5              6              7              8              9
  0      0.0000000      6416.0999      6416.3804      6416.2922      6416.4322      6416.5203      6416.4652      6416.5228      6416.5640      6416.5183
  1      0.0000000      0.0000000      6416.7182      6416.4115      6416.5299      6416.5764      6416.4546      6416.4760      6416.4810      6416.3907
  2      0.0000000      0.0000000      0.0000000      6416.0575      6416.3615      6416.4293      6416.2647      6416.2813      6416.2745      6416.1579
  3      0.0000000      0.0000000      0.0000000      0.0000000      6416.6164      6416.5445      6416.2437      6416.2299      6416.1952      6416.0383
  4      0.0000000      0.0000000      0.0000000      0.0000000      0.0000000      6416.4317      6416.0002      6416.0298      6416.0065      6415.8288
  5      0.0000000      0.0000000      0.0000000      0.0000000      0.0000000      0.0000000      6415.5372      6415.7853      6415.8112      6415.6160
  6      0.0000000      0.0000000      0.0000000      0.0000000      0.0000000      0.0000000      0.0000000      6416.0100      6415.9161      6415.6031
  7      0.0000000      0.0000000      0.0000000      0.0000000      0.0000000      0.0000000      0.0000000      0.0000000      6415.8050      6415.3763
  8      0.0000000      0.0000000      0.0000000      0.0000000      0.0000000      0.0000000      0.0000000      0.0000000      0.0000000      6414.9353
  9      0.0000000      0.0000000      0.0000000      0.0000000      0.0000000      0.0000000      0.0000000      0.0000000      0.0000000      0.0000000

average velocity: 
6416.1827


attenuation:
              0              1              2              3              4              5              6              7              8              9
  0      0.0000000      25.692272      20.918046      20.617482      17.867869      20.803596      21.726423      21.754697      19.419990      22.012439
  1      0.0000000      0.0000000      16.147961      18.080850      15.260256      19.581867      20.933523      21.098708      18.524093      21.552428
  2      0.0000000      0.0000000      0.0000000      20.017388      14.817719      20.727138      22.131366      22.089833      18.920564      22.324807
  3      0.0000000      0.0000000      0.0000000      0.0000000      9.6179576      21.082315      22.836283      22.608210      18.701294      22.709293
  4      0.0000000      0.0000000      0.0000000      0.0000000      0.0000000      32.546324      29.446412      26.938465      20.971682      25.326843
  5      0.0000000      0.0000000      0.0000000      0.0000000      0.0000000      0.0000000      26.353351      24.135939      17.113532      23.521744
  6      0.0000000      0.0000000      0.0000000      0.0000000      0.0000000      0.0000000      0.0000000      21.922858      12.496299      22.578142
  7      0.0000000      0.0000000      0.0000000      0.0000000      0.0000000      0.0000000      0.0000000      0.0000000      3.0688969      22.904680
  8      0.0000000      0.0000000      0.0000000      0.0000000      0.0000000      0.0000000      0.0000000      0.0000000      0.0000000      42.742545
  9      0.0000000      0.0000000      0.0000000      0.0000000      0.0000000      0.0000000      0.0000000      0.0000000      0.0000000      0.0000000

average attenuation coeffficient: 
21.169875


attenuation coefficient (method 1): 
21.216342


attenuation coefficient (method 2): 
21.271324


***** vawelet transform *****
max #0 = 2.8582499e-06,0.0080089900
max #1 = 7.5417499e-06,0.0069726600
max #2 = 1.2225250e-05,0.0063769600
max #3 = 1.6908750e-05,0.0057916000
max #4 = 2.1592250e-05,0.0054000600
max #5 = 2.6276000e-05,0.0048586300
max #6 = 3.0959749e-05,0.0043017000
max #7 = 3.5643248e-05,0.0038623600
max #8 = 4.0327751e-05,0.0036982500
max #9 = 4.5011249e-05,0.0032175500
max #10 = 4.9694499e-05,0.0030960900


velocity:
              0              1              2              3              4              5              6              7              8              9             10
  0      0.0000000      6416.0997      6416.3801      6416.5201      6416.6031      6416.5885      6416.5791      6416.6205      6416.4781      6416.5182      6416.5824
  1      0.0000000      0.0000000      6416.7179      6416.7535      6416.7579      6416.6618      6416.5913      6416.5901      6416.3829      6416.3906      6416.4268
  2      0.0000000      0.0000000      0.0000000      6416.7419      6416.7037      6416.5431      6416.4357      6416.4182      6416.1601      6416.1578      6416.1868
  3      0.0000000      0.0000000      0.0000000      0.0000000      6416.6164      6416.3731      6416.2436      6416.2300      6415.9211      6415.9242      6415.9592
  4      0.0000000      0.0000000      0.0000000      0.0000000      0.0000000      6416.0890      6416.0000      6416.0299      6415.6639      6415.6919      6415.7468
  5      0.0000000      0.0000000      0.0000000      0.0000000      0.0000000      0.0000000      6415.8796      6415.9569      6415.4685      6415.5305      6415.6092
  6      0.0000000      0.0000000      0.0000000      0.0000000      0.0000000      0.0000000      0.0000000      6416.0107      6415.2309      6415.3749      6415.4965
  7      0.0000000      0.0000000      0.0000000      0.0000000      0.0000000      0.0000000      0.0000000      0.0000000      6414.4342      6415.0337      6415.2967
  8      0.0000000      0.0000000      0.0000000      0.0000000      0.0000000      0.0000000      0.0000000      0.0000000      0.0000000      6415.6211      6415.7114
  9      0.0000000      0.0000000      0.0000000      0.0000000      0.0000000      0.0000000      0.0000000      0.0000000      0.0000000      0.0000000      6415.7928
 10      0.0000000      0.0000000      0.0000000      0.0000000      0.0000000      0.0000000      0.0000000      0.0000000      0.0000000      0.0000000      0.0000000

average velocity: 
6416.1187


attenuation:
              0              1              2              3              4              5              6              7              8              9             10
  0      0.0000000      25.692273      20.918045      21.153800      17.816082      20.803624      21.537629      21.015549      19.407341      22.012439      21.344673
  1      0.0000000      0.0000000      16.147958      18.886131      15.191485      19.581984      20.707011      20.236415      18.509582      21.552428      20.861562
  2      0.0000000      0.0000000      0.0000000      21.623995      14.713199      20.726990      21.847755      21.054806      18.903794      22.324807      21.450988
  3      0.0000000      0.0000000      0.0000000      0.0000000      7.8025765      20.278419      21.923106      20.912861      18.359505      22.441164      21.425905
  4      0.0000000      0.0000000      0.0000000      0.0000000      0.0000000      32.753200      28.984337      25.283127      20.998040      25.368055      23.695818
  5      0.0000000      0.0000000      0.0000000      0.0000000      0.0000000      0.0000000      25.217228      21.548472      17.079720      23.521578      21.884212
  6      0.0000000      0.0000000      0.0000000      0.0000000      0.0000000      0.0000000      0.0000000      17.880998      13.006337      22.953661      21.049429
  7      0.0000000      0.0000000      0.0000000      0.0000000      0.0000000      0.0000000      0.0000000      0.0000000      8.1260617      25.488380      22.105140
  8      0.0000000      0.0000000      0.0000000      0.0000000      0.0000000      0.0000000      0.0000000      0.0000000      0.0000000      42.847606      29.091147
  9      0.0000000      0.0000000      0.0000000      0.0000000      0.0000000      0.0000000      0.0000000      0.0000000      0.0000000      0.0000000      15.334139
 10      0.0000000      0.0000000      0.0000000      0.0000000      0.0000000      0.0000000      0.0000000      0.0000000      0.0000000      0.0000000      0.0000000

average attenuation coeffficient: 
21.152410


attenuation coefficient (method 1): 
21.500030


attenuation coefficient (method 2): 
21.708917


