"F1_D16_15,02 mm_16 MHz_00005.trc_results"
***** findmax *****
max #0 = 2.3960000e-06,0.0045133800
max #1 = 7.0784998e-06,0.0039884900
max #2 = 1.1729000e-05,0.0034284500
max #3 = 1.6413499e-05,0.0030180500
max #4 = 2.1064500e-05,0.0025637100
max #5 = 2.5808999e-05,0.0022750400
max #6 = 3.0491000e-05,0.0019762800
max #7 = 3.5176498e-05,0.0018008000
max #8 = 3.9858501e-05,0.0014314900
max #9 = 4.4475499e-05,0.0013371600
max #10 = 4.9222498e-05,0.0011908900


velocity:
              0              1              2              3              4              5              6              7              8              9             10
  0      0.0000000      6418.9283      6441.0393      6432.8242      6440.2616      6419.0023      6419.1515      6418.5724      6418.7357      6428.7753      6418.9621
  1      0.0000000      0.0000000      6463.3194      6439.7929      6447.3836      6418.9813      6419.1380      6418.4367      6418.6138      6429.8958      6418.8366
  2      0.0000000      0.0000000      0.0000000      6416.4093      6439.4012      6404.2779      6408.1125      6409.4455      6411.1190      6425.0307      6413.1876
  3      0.0000000      0.0000000      0.0000000      0.0000000      6462.5277      6398.1849      6405.2930      6407.6348      6409.9771      6426.3722      6412.6189
  4      0.0000000      0.0000000      0.0000000      0.0000000      0.0000000      6335.0833      6377.0135      6389.4908      6396.9081      6419.1137      6404.2902
  5      0.0000000      0.0000000      0.0000000      0.0000000      0.0000000      0.0000000      6419.4767      6417.0095      6417.7379      6440.4133      6418.2475
  6      0.0000000      0.0000000      0.0000000      0.0000000      0.0000000      0.0000000      0.0000000      6414.5221      6416.8371      6447.3817      6417.8917
  7      0.0000000      0.0000000      0.0000000      0.0000000      0.0000000      0.0000000      0.0000000      0.0000000      6419.1348      6463.9108      6418.9814
  8      0.0000000      0.0000000      0.0000000      0.0000000      0.0000000      0.0000000      0.0000000      0.0000000      0.0000000      6509.2999      6418.8820
  9      0.0000000      0.0000000      0.0000000      0.0000000      0.0000000      0.0000000      0.0000000      0.0000000      0.0000000      0.0000000      6330.9278
 10      0.0000000      0.0000000      0.0000000      0.0000000      0.0000000      0.0000000      0.0000000      0.0000000      0.0000000      0.0000000      0.0000000

average velocity: 
6419.5054


attenuation:
              0              1              2              3              4              5              6              7              8              9             10
  0      0.0000000      24.079700      29.769353      30.334898      33.159275      32.598747      32.840836      31.166955      35.868981      33.786156      32.940044
  1      0.0000000      0.0000000      35.491578      33.474591      36.195693      34.728535      34.593238      32.347811      37.552947      35.002849      33.924682
  2      0.0000000      0.0000000      0.0000000      31.452074      36.549102      34.410759      34.368227      31.693231      37.876190      34.928472      33.727605
  3      0.0000000      0.0000000      0.0000000      0.0000000      41.638066      35.857426      35.342773      31.748586      39.158199      35.508831      34.052995
  4      0.0000000      0.0000000      0.0000000      0.0000000      0.0000000      29.283296      32.196772      28.365910      38.483477      34.272221      32.785244
  5      0.0000000      0.0000000      0.0000000      0.0000000      0.0000000      0.0000000      34.046147      27.589154      41.319897      35.227799      33.283885
  6      0.0000000      0.0000000      0.0000000      0.0000000      0.0000000      0.0000000      0.0000000      21.065490      44.938534      35.723754      33.089338
  7      0.0000000      0.0000000      0.0000000      0.0000000      0.0000000      0.0000000      0.0000000      0.0000000      68.782894      42.747238      37.076775
  8      0.0000000      0.0000000      0.0000000      0.0000000      0.0000000      0.0000000      0.0000000      0.0000000      0.0000000      16.229704      21.224599
  9      0.0000000      0.0000000      0.0000000      0.0000000      0.0000000      0.0000000      0.0000000      0.0000000      0.0000000      0.0000000      25.867499
 10      0.0000000      0.0000000      0.0000000      0.0000000      0.0000000      0.0000000      0.0000000      0.0000000      0.0000000      0.0000000      0.0000000

average attenuation coefficient: 
34.032164


attenuation coefficient (method 1): 
33.678412


attenuation coefficient (method 2): 
33.857310


***** autocorrelation *****
max #0 = 0.0000000,0.0044314500
max #1 = 4.6824998e-06,0.0038285200
max #2 = 9.3649996e-06,0.0033188700
max #3 = 1.4048000e-05,0.0029219100
max #4 = 1.8730500e-05,0.0025138400
max #5 = 2.3413000e-05,0.0020912900
max #6 = 2.8095499e-05,0.0016891600
max #7 = 3.2778498e-05,0.0016136900
max #8 = 3.7460999e-05,0.0012916800
max #9 = 4.2143500e-05,0.0012606700
max #10 = 4.6826499e-05,0.0010459000


velocity:
              0              1              2              3              4              5              6              7              8              9             10
  0      0.0000000      6418.9283      6419.0363      6418.8607      6418.9485      6419.0020      6419.0375      6418.9639      6418.9930      6419.0143      6418.9620
  1      0.0000000      0.0000000      6419.1596      6418.8247      6418.9345      6418.9810      6419.0012      6418.8935      6418.9078      6418.9131      6418.8365
  2      0.0000000      0.0000000      0.0000000      6418.4621      6418.7786      6418.8623      6418.8870      6418.7506      6418.7617      6418.7596      6418.6641
  3      0.0000000      0.0000000      0.0000000      0.0000000      6419.0648      6419.0174      6418.9697      6418.7504      6418.7364      6418.7118      6418.5841
  4      0.0000000      0.0000000      0.0000000      0.0000000      0.0000000      6418.9416      6418.8806      6418.5918      6418.5891      6418.5653      6418.4180
  5      0.0000000      0.0000000      0.0000000      0.0000000      0.0000000      0.0000000      6418.7942      6418.3802      6418.4244      6418.4143      6418.2475
  6      0.0000000      0.0000000      0.0000000      0.0000000      0.0000000      0.0000000      0.0000000      6417.9440      6418.2076      6418.2471      6418.0623
  7      0.0000000      0.0000000      0.0000000      0.0000000      0.0000000      0.0000000      0.0000000      0.0000000      6418.4524      6418.3716      6418.0674
  8      0.0000000      0.0000000      0.0000000      0.0000000      0.0000000      0.0000000      0.0000000      0.0000000      0.0000000      6418.2750      6417.8523
  9      0.0000000      0.0000000      0.0000000      0.0000000      0.0000000      0.0000000      0.0000000      0.0000000      0.0000000      0.0000000      6417.4164
 10      0.0000000      0.0000000      0.0000000      0.0000000      0.0000000      0.0000000      0.0000000      0.0000000      0.0000000      0.0000000      0.0000000

average velocity: 
6418.6746


attenuation:
              0              1              2              3              4              5              6              7              8              9             10
  0      0.0000000      30.618675      31.862728      31.714810      33.291634      36.409497      39.523411      34.942018      38.921464      35.097683      36.164108
  1      0.0000000      0.0000000      33.106996      32.262798      34.182661      37.857228      41.304482      35.662521      40.107525      35.657644      36.780422
  2      0.0000000      0.0000000      0.0000000      31.418462      34.720535      39.440213      43.353951      36.173335      41.274024      36.022028      37.239737
  3      0.0000000      0.0000000      0.0000000      0.0000000      38.022421      43.452003      47.332446      37.362114      43.245142      36.789343      38.071463
  4      0.0000000      0.0000000      0.0000000      0.0000000      0.0000000      48.880661      51.987508      37.141309      44.550299      36.542614      38.079686
  5      0.0000000      0.0000000      0.0000000      0.0000000      0.0000000      0.0000000      55.096247      31.273703      43.108191      33.459576      35.921263
  6      0.0000000      0.0000000      0.0000000      0.0000000      0.0000000      0.0000000      0.0000000      7.4397219      37.110116      26.245420      31.125770
  7      0.0000000      0.0000000      0.0000000      0.0000000      0.0000000      0.0000000      0.0000000      0.0000000      66.777227      35.645681      39.020581
  8      0.0000000      0.0000000      0.0000000      0.0000000      0.0000000      0.0000000      0.0000000      0.0000000      0.0000000      4.5152022      25.144191
  9      0.0000000      0.0000000      0.0000000      0.0000000      0.0000000      0.0000000      0.0000000      0.0000000      0.0000000      0.0000000      45.771508
 10      0.0000000      0.0000000      0.0000000      0.0000000      0.0000000      0.0000000      0.0000000      0.0000000      0.0000000      0.0000000      0.0000000

average attenuation coeffficient: 
36.985854


attenuation coefficient (method 1): 
36.657480


attenuation coefficient (method 2): 
36.937358


***** vawelet transform *****
max #0 = 2.3344999e-06,0.0044314500
max #1 = 7.0167499e-06,0.0038285200
max #2 = 1.1699250e-05,0.0033188700
max #3 = 1.6446500e-05,0.0028769400
max #4 = 2.1128500e-05,0.0024443200
max #5 = 2.5747749e-05,0.0020912900
max #6 = 3.0429499e-05,0.0017356800
max #7 = 3.5176748e-05,0.0017855600
max #8 = 3.9858248e-05,0.0014314900
max #9 = 4.4540499e-05,0.0012847000
max #10 = 4.9159749e-05,0.0011079300


velocity:
              0              1              2              3              4              5              6              7              8              9             10
  0      0.0000000      6419.2707      6419.2073      6389.7571      6397.2656      6418.9338      6419.1517      6406.5068      6408.2611      6409.5110      6419.1333
  1      0.0000000      0.0000000      6419.1592      6375.0991      6389.9431      6418.8100      6419.0698      6404.3083      6406.5974      6408.1816      6418.9888
  2      0.0000000      0.0000000      0.0000000      6331.6127      6375.3918      6418.6345      6418.9728      6401.2574      6404.4049      6406.4986      6418.8355
  3      0.0000000      0.0000000      0.0000000      0.0000000      6419.7501      6463.0027      6448.5711      6418.8360      6419.0793      6419.0546      6431.3829
  4      0.0000000      0.0000000      0.0000000      0.0000000      0.0000000      6506.8123      6463.0367      6418.4776      6418.8464      6418.8396      6433.2393
  5      0.0000000      0.0000000      0.0000000      0.0000000      0.0000000      0.0000000      6419.8208      6375.1676      6390.0039      6397.1605      6418.6583
  6      0.0000000      0.0000000      0.0000000      0.0000000      0.0000000      0.0000000      0.0000000      6331.1097      6375.1677      6389.6023      6418.3192
  7      0.0000000      0.0000000      0.0000000      0.0000000      0.0000000      0.0000000      0.0000000      0.0000000      6419.8243      6419.2288      6447.8910
  8      0.0000000      0.0000000      0.0000000      0.0000000      0.0000000      0.0000000      0.0000000      0.0000000      0.0000000      6418.6176      6461.9939
  9      0.0000000      0.0000000      0.0000000      0.0000000      0.0000000      0.0000000      0.0000000      0.0000000      0.0000000      0.0000000      6505.9476
 10      0.0000000      0.0000000      0.0000000      0.0000000      0.0000000      0.0000000      0.0000000      0.0000000      0.0000000      0.0000000      0.0000000

average velocity: 
6414.7310


attenuation:
              0              1              2              3              4              5              6              7              8              9             10
  0      0.0000000      30.617475      31.862315      33.270206      35.360781      36.409443      38.213979      30.757079      35.202727      34.498883      34.497952
  1      0.0000000      0.0000000      33.106997      34.541944      36.919306      37.856910      39.733304      30.769742      35.850028      34.979999      34.929225
  2      0.0000000      0.0000000      0.0000000      35.877164      38.817086      39.439548      41.389979      30.293591      36.301265      35.245968      35.157145
  3      0.0000000      0.0000000      0.0000000      0.0000000      41.645531      41.422208      43.178497      28.925152      36.405629      35.131872      35.036484
  4      0.0000000      0.0000000      0.0000000      0.0000000      0.0000000      41.742761      43.950324      24.683331      35.094767      33.828918      33.936054
  5      0.0000000      0.0000000      0.0000000      0.0000000      0.0000000      0.0000000      47.226450      16.675329      33.207701      32.153643      32.587974
  6      0.0000000      0.0000000      0.0000000      0.0000000      0.0000000      0.0000000      0.0000000     -15.049094      25.883248      27.014342      28.924593
  7      0.0000000      0.0000000      0.0000000      0.0000000      0.0000000      0.0000000      0.0000000      0.0000000      66.325821      47.543497      43.055849
  8      0.0000000      0.0000000      0.0000000      0.0000000      0.0000000      0.0000000      0.0000000      0.0000000      0.0000000      28.767946      31.301558
  9      0.0000000      0.0000000      0.0000000      0.0000000      0.0000000      0.0000000      0.0000000      0.0000000      0.0000000      0.0000000      34.049039
 10      0.0000000      0.0000000      0.0000000      0.0000000      0.0000000      0.0000000      0.0000000      0.0000000      0.0000000      0.0000000      0.0000000

average attenuation coeffficient: 
34.664536


attenuation coefficient (method 1): 
34.132535


attenuation coefficient (method 2): 
34.648470


