"F1_D16_15,02 mm_10 MHz_00009.trc_results"
***** findmax *****
max #0 = 2.4040000e-06,0.0084535100
max #1 = 7.0884998e-06,0.0072621100
max #2 = 1.1769500e-05,0.0064338100
max #3 = 1.6455999e-05,0.0063692000
max #4 = 2.1139500e-05,0.0054517500
max #5 = 2.5825999e-05,0.0049361700
max #6 = 3.0507499e-05,0.0045575500
max #7 = 3.5191501e-05,0.0040613500
max #8 = 3.9875999e-05,0.0035431800
max #9 = 4.4561501e-05,0.0031581100
max #10 = 4.9243499e-05,0.0029151800


velocity:
              0              1              2              3              4              5              6              7              8              9             10
  0      0.0000000      6416.1886      6418.6936      6417.0345      6417.2359      6416.5364      6417.2106      6417.2019      6417.1091      6416.8830      6417.1808
  1      0.0000000      0.0000000      6421.2158      6417.4554      6417.5644      6416.5839      6417.3570      6417.2944      6417.1464      6416.8580      6417.1619
  2      0.0000000      0.0000000      0.0000000      6413.6717      6415.6969      6414.9823      6416.3185      6416.4212      6416.3645      6416.1177      6416.5237
  3      0.0000000      0.0000000      0.0000000      0.0000000      6417.6930      6415.5930      6417.1423      6417.0366      6416.8182      6416.4283      6416.8224
  4      0.0000000      0.0000000      0.0000000      0.0000000      0.0000000      6413.4659      6416.8255      6416.7641      6416.5344      6416.0995      6416.5914
  5      0.0000000      0.0000000      0.0000000      0.0000000      0.0000000      0.0000000      6420.1631      6418.3776      6417.5107      6416.7014      6417.1512
  6      0.0000000      0.0000000      0.0000000      0.0000000      0.0000000      0.0000000      0.0000000      6416.5710      6416.1535      6415.5077      6416.3501
  7      0.0000000      0.0000000      0.0000000      0.0000000      0.0000000      0.0000000      0.0000000      0.0000000      6415.7171      6414.9493      6416.2422
  8      0.0000000      0.0000000      0.0000000      0.0000000      0.0000000      0.0000000      0.0000000      0.0000000      0.0000000      6414.1657      6416.4821
  9      0.0000000      0.0000000      0.0000000      0.0000000      0.0000000      0.0000000      0.0000000      0.0000000      0.0000000      0.0000000      6418.7870
 10      0.0000000      0.0000000      0.0000000      0.0000000      0.0000000      0.0000000      0.0000000      0.0000000      0.0000000      0.0000000      0.0000000

average velocity: 
6416.7391


attenuation:
              0              1              2              3              4              5              6              7              8              9             10
  0      0.0000000      32.265902      29.537735      18.862809      24.022614      24.092725      22.818832      23.493802      25.792593      26.345548      25.202234
  1      0.0000000      0.0000000      26.815271      12.162362      21.275719      22.049839      20.929973      22.032501      24.868352      25.605833      24.417807
  2      0.0000000      0.0000000      0.0000000     -2.4926578      18.505752      20.454601      19.458725      21.073561      24.541889      25.432477      24.118153
  3      0.0000000      0.0000000      0.0000000      0.0000000      39.502463      31.931634      26.775293      26.966935      29.950021      30.086888      27.919660
  4      0.0000000      0.0000000      0.0000000      0.0000000      0.0000000      24.333645      20.411716      22.787160      27.560806      28.203366      25.989208
  5      0.0000000      0.0000000      0.0000000      0.0000000      0.0000000      0.0000000      16.405464      21.994589      28.624903      29.161751      26.311355
  6      0.0000000      0.0000000      0.0000000      0.0000000      0.0000000      0.0000000      0.0000000      27.535379      34.706915      33.396542      28.778004
  7      0.0000000      0.0000000      0.0000000      0.0000000      0.0000000      0.0000000      0.0000000      0.0000000      41.883593      36.336783      29.193757
  8      0.0000000      0.0000000      0.0000000      0.0000000      0.0000000      0.0000000      0.0000000      0.0000000      0.0000000      30.798732      22.846641
  9      0.0000000      0.0000000      0.0000000      0.0000000      0.0000000      0.0000000      0.0000000      0.0000000      0.0000000      0.0000000      14.904243
 10      0.0000000      0.0000000      0.0000000      0.0000000      0.0000000      0.0000000      0.0000000      0.0000000      0.0000000      0.0000000      0.0000000

average attenuation coefficient: 
25.254225


attenuation coefficient (method 1): 
24.690940


attenuation coefficient (method 2): 
24.555805


***** autocorrelation *****
max #0 = 0.0000000,0.0028867500
max #1 = 4.6840000e-06,0.0023324000
max #2 = 9.3680001e-06,0.0021230700
max #3 = 1.4052000e-05,0.0017380000
max #4 = 1.8736000e-05,0.0018116500
max #5 = 2.3420000e-05,0.0010944800
max #6 = 2.8104500e-05,0.0011655600
max #7 = 3.2788997e-05,0.00079211200
max #8 = 3.7473499e-05,0.0010117800
max #9 = 4.2157000e-05,0.0010285800


velocity:
              0              1              2              3              4              5              6              7              8              9
  0      0.0000000      6416.8730      6416.9809      6417.0341      6417.0646      6417.0840      6416.9822      6416.9089      6416.8522      6416.9592
  1      0.0000000      0.0000000      6417.1041      6417.1125      6417.1078      6417.0972      6416.9460      6416.8386      6416.7550      6416.8580
  2      0.0000000      0.0000000      0.0000000      6417.0933      6417.0662      6417.0359      6416.8320      6416.6959      6416.5927      6416.7047
  3      0.0000000      0.0000000      0.0000000      0.0000000      6417.0089      6416.9622      6416.6859      6416.5243      6416.4074      6416.5426
  4      0.0000000      0.0000000      0.0000000      0.0000000      0.0000000      6416.8871      6416.4830      6416.3090      6416.1919      6416.3735
  5      0.0000000      0.0000000      0.0000000      0.0000000      0.0000000      0.0000000      6416.0534      6415.9833      6415.9130      6416.1882
  6      0.0000000      0.0000000      0.0000000      0.0000000      0.0000000      0.0000000      0.0000000      6415.8910      6415.8110      6416.1926
  7      0.0000000      0.0000000      0.0000000      0.0000000      0.0000000      0.0000000      0.0000000      0.0000000      6415.7122      6416.3164
  8      0.0000000      0.0000000      0.0000000      0.0000000      0.0000000      0.0000000      0.0000000      0.0000000      0.0000000      6416.9048
  9      0.0000000      0.0000000      0.0000000      0.0000000      0.0000000      0.0000000      0.0000000      0.0000000      0.0000000      0.0000000

average velocity: 
6416.6649


attenuation:
              0              1              2              3              4              5              6              7              8              9
  0      0.0000000      49.994348      34.494012      40.480036      25.992593      49.067097      36.752742      46.630070      32.257136      27.866516
  1      0.0000000      0.0000000      18.993906      35.723089      17.992187      48.835501      34.104548      46.069304      29.723142      25.100623
  2      0.0000000      0.0000000      0.0000000      52.452299      17.491379      58.782516      37.882305      51.484093      31.511047      25.973015
  3      0.0000000      0.0000000      0.0000000      0.0000000     -17.469471      61.947248      33.025786      51.241597      27.322381      21.559791
  4      0.0000000      0.0000000      0.0000000      0.0000000      0.0000000      141.36305      58.273443      74.144305      38.519529      29.365492
  5      0.0000000      0.0000000      0.0000000      0.0000000      0.0000000      0.0000000     -24.805614      40.538348      4.2409995      1.3680560
  6      0.0000000      0.0000000      0.0000000      0.0000000      0.0000000      0.0000000      0.0000000      105.88013      18.762633      10.093247
  7      0.0000000      0.0000000      0.0000000      0.0000000      0.0000000      0.0000000      0.0000000      0.0000000     -68.353893     -37.802765
  8      0.0000000      0.0000000      0.0000000      0.0000000      0.0000000      0.0000000      0.0000000      0.0000000      0.0000000     -7.2582229
  9      0.0000000      0.0000000      0.0000000      0.0000000      0.0000000      0.0000000      0.0000000      0.0000000      0.0000000      0.0000000

average attenuation coeffficient: 
31.946879


attenuation coefficient (method 1): 
32.834414


attenuation coefficient (method 2): 
33.494125


***** vawelet transform *****
max #0 = 2.1197500e-06,0.0028867500
max #1 = 6.8037496e-06,0.0023324000
max #2 = 1.1487250e-05,0.0022354900
max #3 = 1.6171749e-05,0.0017380000
max #4 = 2.0856250e-05,0.0017134400
max #5 = 2.5538999e-05,0.0011901100
max #6 = 3.0223999e-05,0.0011655600
max #7 = 3.4907999e-05,0.00097043500
max #8 = 3.9592250e-05,0.0011087000
max #9 = 4.4277999e-05,0.00092520800
max #10 = 4.8961248e-05,0.00059053100


velocity:
              0              1              2              3              4              5              6              7              8              9             10
  0      0.0000000      6416.8736      6417.3234      6417.0344      6416.8934      6417.2897      6417.0394      6417.0554      6417.0232      6416.7691      6416.9071
  1      0.0000000      0.0000000      6417.7884      6417.1126      6416.8793      6417.3542      6417.0144      6417.0094      6416.9503      6416.6442      6416.7817
  2      0.0000000      0.0000000      0.0000000      6416.4094      6416.3814      6417.1503      6416.7464      6416.7640      6416.7065      6416.3626      6416.5240
  3      0.0000000      0.0000000      0.0000000      0.0000000      6416.3232      6417.4760      6416.7999      6416.7804      6416.6808      6416.2575      6416.4315
  4      0.0000000      0.0000000      0.0000000      0.0000000      0.0000000      6418.6007      6416.9968      6416.8791      6416.7050      6416.1685      6416.3636
  5      0.0000000      0.0000000      0.0000000      0.0000000      0.0000000      0.0000000      6415.3682      6415.9818      6416.0262      6415.5039      6415.8507
  6      0.0000000      0.0000000      0.0000000      0.0000000      0.0000000      0.0000000      0.0000000      6416.5735      6416.3234      6415.5086      6415.9228
  7      0.0000000      0.0000000      0.0000000      0.0000000      0.0000000      0.0000000      0.0000000      0.0000000      6416.0545      6414.9493      6415.6717
  8      0.0000000      0.0000000      0.0000000      0.0000000      0.0000000      0.0000000      0.0000000      0.0000000      0.0000000      6413.8285      6415.4576
  9      0.0000000      0.0000000      0.0000000      0.0000000      0.0000000      0.0000000      0.0000000      0.0000000      0.0000000      0.0000000      6417.0744
 10      0.0000000      0.0000000      0.0000000      0.0000000      0.0000000      0.0000000      0.0000000      0.0000000      0.0000000      0.0000000      0.0000000

average velocity: 
6416.5699


attenuation:
              0              1              2              3              4              5              6              7              8              9             10
  0      0.0000000      49.994345      27.033637      40.480035      30.021769      44.223144      36.752645      38.243228      28.950952      31.269444      40.302130
  1      0.0000000      0.0000000      4.0739432      35.723089      23.364285      42.780841      34.104458      36.284769      25.944758      28.928841      39.225372
  2      0.0000000      0.0000000      0.0000000      67.371894      33.009445      55.682351      41.612180      42.726349      29.589373      32.479417      43.619416
  3      0.0000000      0.0000000      0.0000000      0.0000000     -1.3529332      49.839436      33.025618      36.565068      22.032869      26.664024      40.226323
  4      0.0000000      0.0000000      0.0000000      0.0000000      0.0000000      101.04623      50.214995      49.204977      27.879526      32.267394      47.156300
  5      0.0000000      0.0000000      0.0000000      0.0000000      0.0000000      0.0000000    -0.57544028      23.294479      3.4978186      15.081340      36.385127
  6      0.0000000      0.0000000      0.0000000      0.0000000      0.0000000      0.0000000      0.0000000      47.180657      5.5410714      20.300907      45.626898
  7      0.0000000      0.0000000      0.0000000      0.0000000      0.0000000      0.0000000      0.0000000      0.0000000     -36.095437      6.8707068      45.113161
  8      0.0000000      0.0000000      0.0000000      0.0000000      0.0000000      0.0000000      0.0000000      0.0000000      0.0000000      49.849378      85.719397
  9      0.0000000      0.0000000      0.0000000      0.0000000      0.0000000      0.0000000      0.0000000      0.0000000      0.0000000      0.0000000      121.59623
 10      0.0000000      0.0000000      0.0000000      0.0000000      0.0000000      0.0000000      0.0000000      0.0000000      0.0000000      0.0000000      0.0000000

average attenuation coeffficient: 
35.780877


attenuation coefficient (method 1): 
34.581682


attenuation coefficient (method 2): 
34.235600


