"F1_D16_15,02 mm_16 MHz_00000.trc_results"
***** findmax *****
max #0 = 2.3639999e-06,0.0034292300
max #1 = 7.0464999e-06,0.0029020100
max #2 = 1.1728999e-05,0.0024419900
max #3 = 1.6410500e-05,0.0022910600
max #4 = 2.1093000e-05,0.0019496600
max #5 = 2.5773000e-05,0.0015961200
max #6 = 3.0520000e-05,0.0014379500
max #7 = 3.5138000e-05,0.0013617200
max #8 = 3.9886500e-05,0.0010009300
max #9 = 4.4502997e-05,0.00090918800
max #10 = 4.9246998e-05,0.00083346600


velocity:
              0              1              2              3              4              5              6              7              8              9             10
  0      0.0000000      6418.9280      6419.0367      6419.5459      6419.4625      6420.0986      6405.2474      6419.8447      6408.4742      6419.7001      6411.2281
  1      0.0000000      0.0000000      6419.1606      6419.8527      6419.6199      6420.3518      6402.4604      6419.9210      6406.8896      6419.6846      6410.2448
  2      0.0000000      0.0000000      0.0000000      6420.5174      6419.8061      6420.6898      6398.2249      6419.9835      6404.7453      6419.6411      6409.0006
  3      0.0000000      0.0000000      0.0000000      0.0000000      6419.0648      6420.7310      6390.7701      6419.7776      6401.5156      6419.3977      6407.2502
  4      0.0000000      0.0000000      0.0000000      0.0000000      0.0000000      6422.3697      6376.6753      6419.9615      6397.0785      6419.3884      6405.1998
  5      0.0000000      0.0000000      0.0000000      0.0000000      0.0000000      0.0000000      6331.6021      6418.7214      6388.6456      6418.5866      6401.7114
  6      0.0000000      0.0000000      0.0000000      0.0000000      0.0000000      0.0000000      0.0000000      6508.2484      6417.5226      6448.0740      6419.4333
  7      0.0000000      0.0000000      0.0000000      0.0000000      0.0000000      0.0000000      0.0000000      0.0000000      6329.2729      6418.3751      6390.3303
  8      0.0000000      0.0000000      0.0000000      0.0000000      0.0000000      0.0000000      0.0000000      0.0000000      0.0000000      6510.0061      6421.2806
  9      0.0000000      0.0000000      0.0000000      0.0000000      0.0000000      0.0000000      0.0000000      0.0000000      0.0000000      0.0000000      6334.9272
 10      0.0000000      0.0000000      0.0000000      0.0000000      0.0000000      0.0000000      0.0000000      0.0000000      0.0000000      0.0000000      0.0000000

average velocity: 
6412.5141


attenuation:
              0              1              2              3              4              5              6              7              8              9             10
  0      0.0000000      36.599220      39.152048      30.444345      33.129167      37.209227      34.951102      31.364587      38.867534      37.360670      35.326153
  1      0.0000000      0.0000000      41.705094      27.367650      31.972908      37.363215      34.614299      30.492762      39.184224      37.456195      35.182583
  2      0.0000000      0.0000000      0.0000000      13.030530      27.106891      35.917430      32.841328      28.250594      38.758282      36.849324      34.367129
  3      0.0000000      0.0000000      0.0000000      0.0000000      41.183792      47.361156      39.452630      32.055048      43.895878      40.819055      37.416030
  4      0.0000000      0.0000000      0.0000000      0.0000000      0.0000000      53.559499      38.587055      29.013133      44.554937      40.746214      36.787115
  5      0.0000000      0.0000000      0.0000000      0.0000000      0.0000000      0.0000000      24.786949      16.754073      41.649081      37.553470      33.483414
  6      0.0000000      0.0000000      0.0000000      0.0000000      0.0000000      0.0000000      0.0000000      11.169220      50.695458      42.254470      35.897391
  7      0.0000000      0.0000000      0.0000000      0.0000000      0.0000000      0.0000000      0.0000000      0.0000000      91.276872      58.353863      44.690595
  8      0.0000000      0.0000000      0.0000000      0.0000000      0.0000000      0.0000000      0.0000000      0.0000000      0.0000000      24.308109      21.070748
  9      0.0000000      0.0000000      0.0000000      0.0000000      0.0000000      0.0000000      0.0000000      0.0000000      0.0000000      0.0000000      17.484961
 10      0.0000000      0.0000000      0.0000000      0.0000000      0.0000000      0.0000000      0.0000000      0.0000000      0.0000000      0.0000000      0.0000000

average attenuation coefficient: 
36.249540


attenuation coefficient (method 1): 
35.765431


attenuation coefficient (method 2): 
35.635334


***** autocorrelation *****
max #0 = 0.0000000,0.0032615000
max #1 = 4.6820001e-06,0.0028627300
max #2 = 9.3640001e-06,0.0023773800
max #3 = 1.4046000e-05,0.0021915600
max #4 = 1.8728499e-05,0.0018142400
max #5 = 2.3410499e-05,0.0014940400
max #6 = 2.8092500e-05,0.0013707600
max #7 = 3.2774999e-05,0.0012461900
max #8 = 3.7456997e-05,0.00093296500
max #9 = 4.2139000e-05,0.00085724200


velocity:
              0              1              2              3              4              5              6              7              8              9
  0      0.0000000      6419.6132      6419.7213      6419.7744      6419.6342      6419.6877      6419.7226      6419.6491      6419.6786      6419.6997
  1      0.0000000      0.0000000      6419.8447      6419.8529      6419.6204      6419.6667      6419.6863      6419.5786      6419.5936      6419.5985
  2      0.0000000      0.0000000      0.0000000      6419.8334      6419.4649      6419.5482      6419.5721      6419.4358      6419.4475      6419.4449
  3      0.0000000      0.0000000      0.0000000      0.0000000      6419.0661      6419.3608      6419.4261      6419.2640      6419.2851      6419.2828
  4      0.0000000      0.0000000      0.0000000      0.0000000      0.0000000      6419.6269      6419.5646      6419.2762      6419.2747      6419.2502
  5      0.0000000      0.0000000      0.0000000      0.0000000      0.0000000      0.0000000      6419.4767      6419.0640      6419.1100      6419.0992
  6      0.0000000      0.0000000      0.0000000      0.0000000      0.0000000      0.0000000      0.0000000      6418.6291      6418.8949      6418.9327
  7      0.0000000      0.0000000      0.0000000      0.0000000      0.0000000      0.0000000      0.0000000      0.0000000      6419.1417      6419.0575
  8      0.0000000      0.0000000      0.0000000      0.0000000      0.0000000      0.0000000      0.0000000      0.0000000      0.0000000      6418.9574
  9      0.0000000      0.0000000      0.0000000      0.0000000      0.0000000      0.0000000      0.0000000      0.0000000      0.0000000      0.0000000

average velocity: 
6419.4313


attenuation:
              0              1              2              3              4              5              6              7              8              9
  0      0.0000000      26.037095      35.776914      29.889955      34.707570      38.130884      34.815305      32.955177      39.600942      37.639633
  1      0.0000000      0.0000000      45.516945      31.816579      37.597770      41.154357      36.571071      34.108137      41.538583      39.090035
  2      0.0000000      0.0000000      0.0000000      18.116240      33.638224      39.699737      34.334700      31.826084      40.875268      38.171912
  3      0.0000000      0.0000000      0.0000000      0.0000000      49.160518      50.490459      39.740989      35.253090      45.426712      41.514508
  4      0.0000000      0.0000000      0.0000000      0.0000000      0.0000000      51.823847      35.031317      30.617426      44.493319      39.985375
  5      0.0000000      0.0000000      0.0000000      0.0000000      0.0000000      0.0000000      18.240715      20.016290      42.051154      37.027232
  6      0.0000000      0.0000000      0.0000000      0.0000000      0.0000000      0.0000000      0.0000000      21.780464      53.952362      43.287486
  7      0.0000000      0.0000000      0.0000000      0.0000000      0.0000000      0.0000000      0.0000000      0.0000000      86.120945      54.038402
  8      0.0000000      0.0000000      0.0000000      0.0000000      0.0000000      0.0000000      0.0000000      0.0000000      0.0000000      21.956963
  9      0.0000000      0.0000000      0.0000000      0.0000000      0.0000000      0.0000000      0.0000000      0.0000000      0.0000000      0.0000000

average attenuation coeffficient: 
38.124860


attenuation coefficient (method 1): 
37.980717


attenuation coefficient (method 2): 
37.650847


***** vawelet transform *****
max #0 = 2.3959999e-06,0.0032615000
max #1 = 7.0774997e-06,0.0028772000
max #2 = 1.1759499e-05,0.0024259700
max #3 = 1.6441500e-05,0.0022106900
max #4 = 2.1123999e-05,0.0018209600
max #5 = 2.5806000e-05,0.0015193600
max #6 = 3.0488249e-05,0.0013756700
max #7 = 3.5170498e-05,0.0012461900
max #8 = 3.9852249e-05,0.00092547000
max #9 = 4.4533999e-05,0.00084638800
max #10 = 4.9217500e-05,0.00071975300


velocity:
              0              1              2              3              4              5              6              7              8              9             10
  0      0.0000000      6420.2990      6420.0647      6420.0028      6419.8055      6419.8244      6419.7799      6419.7472      6419.8068      6419.8521      6419.6472
  1      0.0000000      0.0000000      6419.8457      6419.8526      6419.6203      6419.6663      6419.6180      6419.5787      6419.6421      6419.6842      6419.4455
  2      0.0000000      0.0000000      0.0000000      6419.8319      6419.4641      6419.5473      6419.4864      6419.4357      6419.5039      6419.5428      6419.2634
  3      0.0000000      0.0000000      0.0000000      0.0000000      6419.0661      6419.3601      6419.3123      6419.2643      6419.3531      6419.3973      6419.0733
  4      0.0000000      0.0000000      0.0000000      0.0000000      0.0000000      6419.6256      6419.3939      6419.2766      6419.3596      6419.3875      6418.9885
  5      0.0000000      0.0000000      0.0000000      0.0000000      0.0000000      0.0000000      6419.1368      6419.0653      6419.2238      6419.2712      6418.7953
  6      0.0000000      0.0000000      0.0000000      0.0000000      0.0000000      0.0000000      0.0000000      6418.9717      6419.2354      6419.2754      6418.6614
  7      0.0000000      0.0000000      0.0000000      0.0000000      0.0000000      0.0000000      0.0000000      0.0000000      6419.4802      6419.4002      6418.5237
  8      0.0000000      0.0000000      0.0000000      0.0000000      0.0000000      0.0000000      0.0000000      0.0000000      0.0000000      6419.3042      6418.0229
  9      0.0000000      0.0000000      0.0000000      0.0000000      0.0000000      0.0000000      0.0000000      0.0000000      0.0000000      0.0000000      6416.7288
 10      0.0000000      0.0000000      0.0000000      0.0000000      0.0000000      0.0000000      0.0000000      0.0000000      0.0000000      0.0000000      0.0000000

average velocity: 
6419.3784


attenuation:
              0              1              2              3              4              5              6              7              8              9             10
  0      0.0000000      24.576897      32.851054      29.051868      34.440004      37.159159      34.642901      32.955218      39.892525      38.048887      38.105798
  1      0.0000000      0.0000000      41.124695      31.289009      37.727374      40.304023      36.655957      34.351109      42.080068      39.732772      39.608987
  2      0.0000000      0.0000000      0.0000000      21.453351      36.028755      40.030039      35.538869      32.996100      42.239063      39.533944      39.419658
  3      0.0000000      0.0000000      0.0000000      0.0000000      50.604468      49.317359      40.234195      35.881333      46.395875      42.547371      41.986418
  4      0.0000000      0.0000000      0.0000000      0.0000000      0.0000000      48.033688      35.049140      30.973768      45.343857      40.936057      40.550169
  5      0.0000000      0.0000000      0.0000000      0.0000000      0.0000000      0.0000000      22.070781      22.445871      44.448264      39.162639      39.055570
  6      0.0000000      0.0000000      0.0000000      0.0000000      0.0000000      0.0000000      0.0000000      22.818750      55.637692      44.860556      43.300693
  7      0.0000000      0.0000000      0.0000000      0.0000000      0.0000000      0.0000000      0.0000000      0.0000000      88.453341      55.878862      50.130105
  8      0.0000000      0.0000000      0.0000000      0.0000000      0.0000000      0.0000000      0.0000000      0.0000000      0.0000000      23.305441      30.972994
  9      0.0000000      0.0000000      0.0000000      0.0000000      0.0000000      0.0000000      0.0000000      0.0000000      0.0000000      0.0000000      38.635303
 10      0.0000000      0.0000000      0.0000000      0.0000000      0.0000000      0.0000000      0.0000000      0.0000000      0.0000000      0.0000000      0.0000000

average attenuation coeffficient: 
38.924884


attenuation coefficient (method 1): 
38.466176


attenuation coefficient (method 2): 
37.902682


