"F1_D16_15,02 mm_2,5 MHz_00008_results"
***** findmax *****
max #0 = 2.4175000e-06,0.028310591
max #1 = 7.0900000e-06,0.025808911
max #2 = 1.1765000e-05,0.023643200
max #3 = 1.6439000e-05,0.021788908
max #4 = 2.1115000e-05,0.019487517
max #5 = 2.5790000e-05,0.017587998
max #6 = 3.0467000e-05,0.015552799
max #7 = 3.5140000e-05,0.013650695
max #8 = 3.9818000e-05,0.011738254
max #9 = 4.4500000e-05,0.0099446942
max #10 = 4.9181500e-05,0.0088036905


velocity:
              0              1              2              3              4              5              6              7              8              9             10
  0      0.0000000      6397.0465      6401.0323      6404.2073      6405.7445      6407.2928      6408.0941      6409.5969      6409.9792      6409.7493      6409.6939
  1      0.0000000      0.0000000      6409.1097      6412.2884      6413.3169      6414.5839      6415.0211      6416.3600      6416.4258      6415.8498      6415.5200
  2      0.0000000      0.0000000      0.0000000      6416.3065      6416.3600      6417.3885      6417.4876      6418.7932      6418.6132      6417.7610      6417.2484
  3      0.0000000      0.0000000      0.0000000      0.0000000      6416.6610      6418.2171      6418.1888      6419.7326      6419.3956      6418.3244      6417.7019
  4      0.0000000      0.0000000      0.0000000      0.0000000      0.0000000      6419.8684      6419.0668      6420.8828      6420.2126      6418.7945      6418.0154
  5      0.0000000      0.0000000      0.0000000      0.0000000      0.0000000      0.0000000      6418.3087      6421.4447      6420.3892      6418.5929      6417.7154
  6      0.0000000      0.0000000      0.0000000      0.0000000      0.0000000      0.0000000      0.0000000      6424.6073      6421.4600      6418.7225      6417.6056
  7      0.0000000      0.0000000      0.0000000      0.0000000      0.0000000      0.0000000      0.0000000      0.0000000      6418.3296      6415.8022      6415.2965
  8      0.0000000      0.0000000      0.0000000      0.0000000      0.0000000      0.0000000      0.0000000      0.0000000      0.0000000      6413.2858      6413.7929
  9      0.0000000      0.0000000      0.0000000      0.0000000      0.0000000      0.0000000      0.0000000      0.0000000      0.0000000      0.0000000      6414.3064
 10      0.0000000      0.0000000      0.0000000      0.0000000      0.0000000      0.0000000      0.0000000      0.0000000      0.0000000      0.0000000      0.0000000

average velocity: 
6415.3744


attenuation:
              0              1              2              3              4              5              6              7              8              9             10
  0      0.0000000    -0.61015032      4.5143644      10.860891      10.025792      7.4345599      6.5594793      6.4479035      7.3694777      8.8049021      8.8831825
  1      0.0000000      0.0000000      9.8426442      16.651008      13.579239      9.4426915      7.9874986      7.6190923      8.5047945      9.9774853      9.9342657
  2      0.0000000      0.0000000      0.0000000      23.331866      15.361371      9.2386697      7.4687461      7.1238276      8.2405326      9.9644452      9.9191398
  3      0.0000000      0.0000000      0.0000000      0.0000000      7.3878550      2.1921524      2.1814324      3.0750787      5.2248736      7.7374429      8.0030841
  4      0.0000000      0.0000000      0.0000000      0.0000000      0.0000000     -2.9957767    -0.41716814      1.6449955      4.6895077      7.8099404      8.1068589
  5      0.0000000      0.0000000      0.0000000      0.0000000      0.0000000      0.0000000      2.1588944      3.9670778      7.2515748      10.509925      10.325350
  6      0.0000000      0.0000000      0.0000000      0.0000000      0.0000000      0.0000000      0.0000000      5.7801842      9.7999752      13.293758      12.366504
  7      0.0000000      0.0000000      0.0000000      0.0000000      0.0000000      0.0000000      0.0000000      0.0000000      13.816864      17.047001      14.558626
  8      0.0000000      0.0000000      0.0000000      0.0000000      0.0000000      0.0000000      0.0000000      0.0000000      0.0000000      20.275708      14.928367
  9      0.0000000      0.0000000      0.0000000      0.0000000      0.0000000      0.0000000      0.0000000      0.0000000      0.0000000      0.0000000      9.5812047
 10      0.0000000      0.0000000      0.0000000      0.0000000      0.0000000      0.0000000      0.0000000      0.0000000      0.0000000      0.0000000      0.0000000

average attenuation coefficient: 
8.6323456


attenuation coefficient (method 1): 
9.0878123


attenuation coefficient (method 2): 
7.8747532


***** autocorrelation *****
max #0 = 0.0000000,0.028289916
max #1 = 4.6750000e-06,0.025784359
max #2 = 9.3505000e-06,0.023581175
max #3 = 1.4026000e-05,0.021701039
max #4 = 1.8702000e-05,0.019367344
max #5 = 2.3378500e-05,0.017467824
max #6 = 2.8054500e-05,0.015413242
max #7 = 3.2732000e-05,0.013522768
max #8 = 3.7410000e-05,0.011686566
max #9 = 4.2087500e-05,0.0098968832


velocity:
              0              1              2              3              4              5              6              7              8              9
  0      0.0000000      6393.6627      6398.9966      6402.1681      6404.2134      6405.6583      6406.9583      6407.7460      6408.3591      6408.9912
  1      0.0000000      0.0000000      6408.4278      6410.9226      6412.4057      6413.3873      6414.3371      6414.7632      6415.0569      6415.4220
  2      0.0000000      0.0000000      0.0000000      6414.2541      6415.3334      6416.0191      6416.8027      6417.0120      6417.1288      6417.3695
  3      0.0000000      0.0000000      0.0000000      0.0000000      6416.6610      6417.1896      6417.9605      6418.0191      6418.0249      6418.2102
  4      0.0000000      0.0000000      0.0000000      0.0000000      0.0000000      6417.8123      6418.7240      6418.5974      6418.4987      6418.6574
  5      0.0000000      0.0000000      0.0000000      0.0000000      0.0000000      0.0000000      6419.6797      6419.0445      6418.7893      6418.9357
  6      0.0000000      0.0000000      0.0000000      0.0000000      0.0000000      0.0000000      0.0000000      6418.4327      6418.3742      6418.7225
  7      0.0000000      0.0000000      0.0000000      0.0000000      0.0000000      0.0000000      0.0000000      0.0000000      6418.3296      6418.8858
  8      0.0000000      0.0000000      0.0000000      0.0000000      0.0000000      0.0000000      0.0000000      0.0000000      0.0000000      6419.4511
  9      0.0000000      0.0000000      0.0000000      0.0000000      0.0000000      0.0000000      0.0000000      0.0000000      0.0000000      0.0000000

average velocity: 
6414.2755


attenuation:
              0              1              2              3              4              5              6              7              8              9
  0      0.0000000    -0.51300839      4.7776593      11.183196      10.426865      7.7969576      6.9642054      6.8151605      7.5094767      8.9392446
  1      0.0000000      0.0000000      10.313049      17.094271      14.086106      9.8740711      8.4564013      8.0329650      8.6525452      10.118647
  2      0.0000000      0.0000000      0.0000000      23.772689      15.890456      9.6626087      7.9372943      7.5317205      8.3377133      10.057592
  3      0.0000000      0.0000000      0.0000000      0.0000000      8.0080300      2.6095133      2.6625791      3.4753207      5.2544223      7.7755369
  4      0.0000000      0.0000000      0.0000000      0.0000000      0.0000000     -2.7868198  -0.0063245968      1.9673984      4.5684297      7.7314075
  5      0.0000000      0.0000000      0.0000000      0.0000000      0.0000000      0.0000000      2.7766586      4.3457770      7.0209765      10.361788
  6      0.0000000      0.0000000      0.0000000      0.0000000      0.0000000      0.0000000      0.0000000      5.9138200      9.1421531      12.889503
  7      0.0000000      0.0000000      0.0000000      0.0000000      0.0000000      0.0000000      0.0000000      0.0000000      12.370406      16.377488
  8      0.0000000      0.0000000      0.0000000      0.0000000      0.0000000      0.0000000      0.0000000      0.0000000      0.0000000      20.384869
  9      0.0000000      0.0000000      0.0000000      0.0000000      0.0000000      0.0000000      0.0000000      0.0000000      0.0000000      0.0000000

average attenuation coeffficient: 
8.3680182


attenuation coefficient (method 1): 
8.3486701


attenuation coefficient (method 2): 
7.3036089


***** vawelet transform *****
max #0 = 2.4165000e-06,0.028289916
max #1 = 7.0870000e-06,0.025771437
max #2 = 1.1763500e-05,0.023586344
max #3 = 1.6437000e-05,0.021725590
max #4 = 2.1112500e-05,0.019400941
max #5 = 2.5788500e-05,0.017525973
max #6 = 3.0464000e-05,0.015493358
max #7 = 3.5140500e-05,0.013618390
max #8 = 3.9819500e-05,0.011690443
max #9 = 4.4499000e-05,0.0099136817
max #10 = 4.9179000e-05,0.0087881842


velocity:
              0              1              2              3              4              5              6              7              8              9             10
  0      0.0000000      6399.7562      6401.3717      6404.6607      6406.2550      6407.4291      6408.5485      6409.3045      6409.5528      6409.7493      6409.8986
  1      0.0000000      0.0000000      6407.0643      6411.6054      6413.0891      6414.0710      6415.0211      6415.5615      6415.5457      6415.5076      6415.4440
  2      0.0000000      0.0000000      0.0000000      6416.9909      6417.0445      6417.3885      6418.0013      6418.2451      6417.9280      6417.6631      6417.4196
  3      0.0000000      0.0000000      0.0000000      0.0000000      6417.3459      6417.8746      6418.6457      6418.8757      6418.4360      6418.0960      6417.7998
  4      0.0000000      0.0000000      0.0000000      0.0000000      0.0000000      6418.4975      6419.4095      6419.5114      6418.8414      6418.3832      6418.0154
  5      0.0000000      0.0000000      0.0000000      0.0000000      0.0000000      0.0000000      6420.3653      6420.0729      6419.0178      6418.4216      6417.9896
  6      0.0000000      0.0000000      0.0000000      0.0000000      0.0000000      0.0000000      0.0000000      6419.8038      6418.3742      6417.8086      6417.4343
  7      0.0000000      0.0000000      0.0000000      0.0000000      0.0000000      0.0000000      0.0000000      0.0000000      6416.9590      6416.8298      6416.6664
  8      0.0000000      0.0000000      0.0000000      0.0000000      0.0000000      0.0000000      0.0000000      0.0000000      0.0000000      6416.7095      6416.5321
  9      0.0000000      0.0000000      0.0000000      0.0000000      0.0000000      0.0000000      0.0000000      0.0000000      0.0000000      0.0000000      6416.3609
 10      0.0000000      0.0000000      0.0000000      0.0000000      0.0000000      0.0000000      0.0000000      0.0000000      0.0000000      0.0000000      0.0000000

average velocity: 
6415.2581


attenuation:
              0              1              2              3              4              5              6              7              8              9             10
  0      0.0000000    -0.42769431      4.7586378      11.070248      10.292595      7.5959297      6.7065821      6.5169388      7.4924031      8.8817763      8.9122867
  1      0.0000000      0.0000000      10.076882      16.860004      13.868937      9.5949879      8.1249099      7.6662458      8.6164326      10.038958      9.9444466
  2      0.0000000      0.0000000      0.0000000      23.466518      15.647293      9.3471121      7.5663501      7.1263221      8.3263152      9.9946551      9.8948263
  3      0.0000000      0.0000000      0.0000000      0.0000000      7.8250492      2.2856100      2.2662688      3.0418434      5.2982199      7.7488812      7.9552509
  4      0.0000000      0.0000000      0.0000000      0.0000000      0.0000000     -3.2516451    -0.50929899      1.4508756      4.6683285      7.7345423      7.9772432
  5      0.0000000      0.0000000      0.0000000      0.0000000      0.0000000      0.0000000      2.2355350      3.8038319      7.3086250      10.480779      10.222371
  6      0.0000000      0.0000000      0.0000000      0.0000000      0.0000000      0.0000000      0.0000000      5.3715983      9.8437197      13.227576      12.217440
  7      0.0000000      0.0000000      0.0000000      0.0000000      0.0000000      0.0000000      0.0000000      0.0000000      14.314505      17.154342      14.498242
  8      0.0000000      0.0000000      0.0000000      0.0000000      0.0000000      0.0000000      0.0000000      0.0000000      0.0000000      19.994093      14.589988
  9      0.0000000      0.0000000      0.0000000      0.0000000      0.0000000      0.0000000      0.0000000      0.0000000      0.0000000      0.0000000      9.1858134
 10      0.0000000      0.0000000      0.0000000      0.0000000      0.0000000      0.0000000      0.0000000      0.0000000      0.0000000      0.0000000      0.0000000

average attenuation coeffficient: 
8.6709187


attenuation coefficient (method 1): 
9.1278130


attenuation coefficient (method 2): 
7.9395878


