"F1_D16_15,02 mm_10 MHz_00006.trc_results"
***** findmax *****
max #0 = 2.4024998e-06,0.0085232900
max #1 = 7.0869996e-06,0.0070346800
max #2 = 1.1769500e-05,0.0066870800
max #3 = 1.6353999e-05,0.0062231900
max #4 = 2.1137999e-05,0.0053755100
max #5 = 2.5820998e-05,0.0051325800
max #6 = 3.0502499e-05,0.0045588500
max #7 = 3.5187499e-05,0.0039631500
max #8 = 3.9773000e-05,0.0036142600
max #9 = 4.4456498e-05,0.0031852500
max #10 = 4.9239999e-05,0.0030560300


velocity:
              0              1              2              3              4              5              6              7              8              9             10
  0      0.0000000      6416.1886      6417.6658      6463.2484      6417.2361      6417.4952      6418.0098      6417.6914      6434.5342      6432.6728      6417.4547
  1      0.0000000      0.0000000      6419.1590      6487.0369      6417.5646      6417.7825      6418.3161      6417.8656      6437.0687      6434.6267      6417.4662
  2      0.0000000      0.0000000      0.0000000      6556.3368      6416.7243      6417.2647      6418.0308      6417.5174      6439.9583      6436.7233      6417.1228
  3      0.0000000      0.0000000      0.0000000      0.0000000      6282.9049      6349.8743      6373.1587      6383.6550      6417.0918      6417.1137      6397.6083
  4      0.0000000      0.0000000      0.0000000      0.0000000      0.0000000      6418.2577      6419.2230      6417.9061      6451.4725      6444.5695      6417.0477
  5      0.0000000      0.0000000      0.0000000      0.0000000      0.0000000      0.0000000      6420.1631      6417.6935      6462.5727      6451.1237      6416.7401
  6      0.0000000      0.0000000      0.0000000      0.0000000      0.0000000      0.0000000      0.0000000      6415.2037      6483.9558      6461.4693      6415.8364
  7      0.0000000      0.0000000      0.0000000      0.0000000      0.0000000      0.0000000      0.0000000      0.0000000      6554.1781      6484.8259      6416.0130
  8      0.0000000      0.0000000      0.0000000      0.0000000      0.0000000      0.0000000      0.0000000      0.0000000      0.0000000      6416.9097      6349.0691
  9      0.0000000      0.0000000      0.0000000      0.0000000      0.0000000      0.0000000      0.0000000      0.0000000      0.0000000      0.0000000      6282.6344
 10      0.0000000      0.0000000      0.0000000      0.0000000      0.0000000      0.0000000      0.0000000      0.0000000      0.0000000      0.0000000      0.0000000

average velocity: 
6423.2188


attenuation:
              0              1              2              3              4              5              6              7              8              9             10
  0      0.0000000      43.842913      25.146741      21.811977      25.634873      22.312446      23.199896      24.844586      25.379734      26.322427      24.075224
  1      0.0000000      0.0000000      6.4539674      10.803454      19.566394      16.931555      19.072213      21.679295      22.752632      24.137894      21.879315
  2      0.0000000      0.0000000      0.0000000      14.975616      26.122557      20.421959      22.226868      24.723480      25.476701      26.666216      23.807580
  3      0.0000000      0.0000000      0.0000000      0.0000000      37.130253      22.631262      24.583579      26.992873      27.460770      28.556742      25.034957
  4      0.0000000      0.0000000      0.0000000      0.0000000      0.0000000      9.0331738      18.331080      23.792708      25.199746      26.894141      23.036159
  5      0.0000000      0.0000000      0.0000000      0.0000000      0.0000000      0.0000000      27.605036      31.174557      30.462703      31.267421      25.840548
  6      0.0000000      0.0000000      0.0000000      0.0000000      0.0000000      0.0000000      0.0000000      34.677350      32.314600      32.637469      25.388253
  7      0.0000000      0.0000000      0.0000000      0.0000000      0.0000000      0.0000000      0.0000000      0.0000000      28.914488      31.180450      22.288193
  8      0.0000000      0.0000000      0.0000000      0.0000000      0.0000000      0.0000000      0.0000000      0.0000000      0.0000000      34.038564      19.481760
  9      0.0000000      0.0000000      0.0000000      0.0000000      0.0000000      0.0000000      0.0000000      0.0000000      0.0000000      0.0000000      4.7186335
 10      0.0000000      0.0000000      0.0000000      0.0000000      0.0000000      0.0000000      0.0000000      0.0000000      0.0000000      0.0000000      0.0000000

average attenuation coefficient: 
24.380654


attenuation coefficient (method 1): 
23.862844


attenuation coefficient (method 2): 
23.899433


***** autocorrelation *****
max #0 = 0.0000000,0.0027665800
max #1 = 4.6834998e-06,0.0021708800
max #2 = 9.3669996e-06,0.0019227800
max #3 = 1.4050500e-05,0.0016565900
max #4 = 1.8734500e-05,0.0014020300
max #5 = 2.3417999e-05,0.0013089900
max #6 = 2.8101500e-05,0.0011423000
max #7 = 3.2785498e-05,0.00083217000
max #8 = 3.7468999e-05,0.00094200600
max #9 = 4.2152999e-05,0.00074430100


velocity:
              0              1              2              3              4              5              6              7              8              9
  0      0.0000000      6417.5582      6417.6661      6417.7189      6417.5785      6417.6322      6417.6670      6417.5938      6417.6227      6417.5682
  1      0.0000000      0.0000000      6417.7893      6417.7971      6417.5646      6417.6112      6417.6307      6417.5233      6417.5376      6417.4575
  2      0.0000000      0.0000000      0.0000000      6417.7772      6417.4088      6417.4927      6417.5165      6417.3806      6417.3916      6417.2919
  3      0.0000000      0.0000000      0.0000000      0.0000000      6417.0102      6417.3055      6417.3707      6417.2091      6417.2293      6417.1137
  4      0.0000000      0.0000000      0.0000000      0.0000000      0.0000000      6417.5724      6417.5094      6417.2217      6417.2189      6417.0585
  5      0.0000000      0.0000000      0.0000000      0.0000000      0.0000000      0.0000000      6417.4210      6417.0095      6417.0539      6416.8732
  6      0.0000000      0.0000000      0.0000000      0.0000000      0.0000000      0.0000000      0.0000000      6416.5759      6416.8385      6416.6501
  7      0.0000000      0.0000000      0.0000000      0.0000000      0.0000000      0.0000000      0.0000000      0.0000000      6417.0822      6416.6602
  8      0.0000000      0.0000000      0.0000000      0.0000000      0.0000000      0.0000000      0.0000000      0.0000000      0.0000000      6416.2223
  9      0.0000000      0.0000000      0.0000000      0.0000000      0.0000000      0.0000000      0.0000000      0.0000000      0.0000000      0.0000000

average velocity: 
6417.3329


attenuation:
              0              1              2              3              4              5              6              7              8              9
  0      0.0000000      58.448106      42.671005      41.004421      41.446218      36.258672      35.673965      42.836217      33.303267      36.892767
  1      0.0000000      0.0000000      26.894128      32.282783      35.778964      30.711341      31.119263      40.234182      29.711097      34.198405
  2      0.0000000      0.0000000      0.0000000      37.671464      40.221419      31.983319      32.175643      42.901902      30.180335      35.241866
  3      0.0000000      0.0000000      0.0000000      0.0000000      42.771709      29.138231      30.343846      44.209066      28.681751      34.836912
  4      0.0000000      0.0000000      0.0000000      0.0000000      0.0000000      15.508212      24.130006      44.688333      25.159322      33.249985
  5      0.0000000      0.0000000      0.0000000      0.0000000      0.0000000      0.0000000      32.753743      59.280471      28.377707      37.687383
  6      0.0000000      0.0000000      0.0000000      0.0000000      0.0000000      0.0000000      0.0000000      85.795827      26.185664      39.329155
  7      0.0000000      0.0000000      0.0000000      0.0000000      0.0000000      0.0000000      0.0000000      0.0000000     -33.427758      16.095289
  8      0.0000000      0.0000000      0.0000000      0.0000000      0.0000000      0.0000000      0.0000000      0.0000000      0.0000000      65.623214
  9      0.0000000      0.0000000      0.0000000      0.0000000      0.0000000      0.0000000      0.0000000      0.0000000      0.0000000      0.0000000

average attenuation coeffficient: 
35.339085


attenuation coefficient (method 1): 
35.050726


attenuation coefficient (method 2): 
35.804298


***** vawelet transform *****
max #0 = 2.1197500e-06,0.0027665800
max #1 = 6.8029998e-06,0.0022988100
max #2 = 1.1485750e-05,0.0021372800
max #3 = 1.6540999e-05,0.0030586100
max #4 = 2.0853499e-05,0.0015661300
max #5 = 2.5536249e-05,0.0015803500
max #6 = 3.0219249e-05,0.0014808500
max #7 = 3.4905001e-05,0.00083217000
max #8 = 3.9959248e-05,0.0017535000
max #9 = 4.4645500e-05,0.0017832200
max #10 = 4.8956998e-05,0.00064738700


velocity:
              0              1              2              3              4              5              6              7              8              9             10
  0      0.0000000      6417.9006      6418.3509      6252.7670      6417.8354      6418.0432      6418.1240      6417.6421      6354.7990      6361.3282      6417.4892
  1      0.0000000      0.0000000      6418.8164      6173.3407      6417.7929      6418.0394      6418.1105      6417.5227      6345.7935      6354.2172      6417.3143
  2      0.0000000      0.0000000      0.0000000      5945.9237      6417.2379      6417.7213      6417.8595      6417.1744      6333.6833      6344.9796      6416.9947
  3      0.0000000      0.0000000      0.0000000      0.0000000      6969.6564      6682.8034      6592.2063      6546.8166      6417.2977      6416.6568      6490.3403
  4      0.0000000      0.0000000      0.0000000      0.0000000      0.0000000      6418.6003      6418.3665      6416.9920      6292.5600      6316.3499      6416.7057
  5      0.0000000      0.0000000      0.0000000      0.0000000      0.0000000      0.0000000      6418.1072      6416.1514      6251.5948      6291.2397      6416.2613
  6      0.0000000      0.0000000      0.0000000      0.0000000      0.0000000      0.0000000      0.0000000      6414.1746      6171.5075      6250.0190      6415.7514
  7      0.0000000      0.0000000      0.0000000      0.0000000      0.0000000      0.0000000      0.0000000      0.0000000      5946.5153      6171.0266      6416.2429
  8      0.0000000      0.0000000      0.0000000      0.0000000      0.0000000      0.0000000      0.0000000      0.0000000      0.0000000      6413.1406      6680.0582
  9      0.0000000      0.0000000      0.0000000      0.0000000      0.0000000      0.0000000      0.0000000      0.0000000      0.0000000      0.0000000      6970.1498
 10      0.0000000      0.0000000      0.0000000      0.0000000      0.0000000      0.0000000      0.0000000      0.0000000      0.0000000      0.0000000      0.0000000

average velocity: 
6400.4381


attenuation:
              0              1              2              3              4              5              6              7              8              9             10
  0      0.0000000      41.890778      27.379105     -17.791204      33.444665      25.364589      23.164217      42.836237      10.828489      8.8740129      36.414032
  1      0.0000000      0.0000000      12.868421     -47.920473      30.629269      21.233162      19.419083      42.993531      6.3341326      4.7132534      35.805537
  2      0.0000000      0.0000000      0.0000000     -109.88050      39.509682      24.020135      21.056842      49.017673      5.2064161      3.5352252      38.672779
  3      0.0000000      0.0000000      0.0000000      0.0000000      187.16179      91.697937      64.247879      88.857327      28.210100      22.281852      59.696725
  4      0.0000000      0.0000000      0.0000000      0.0000000      0.0000000     -6.9479569      2.6040381      55.355668     -12.082903     -10.878756      38.394022
  5      0.0000000      0.0000000      0.0000000      0.0000000      0.0000000      0.0000000      12.162280      86.516946     -13.339112     -11.516340      47.468223
  6      0.0000000      0.0000000      0.0000000      0.0000000      0.0000000      0.0000000      0.0000000      160.81868     -27.924466     -20.098315      56.288696
  7      0.0000000      0.0000000      0.0000000      0.0000000      0.0000000      0.0000000      0.0000000      0.0000000     -216.15663     -109.45077      21.435883
  8      0.0000000      0.0000000      0.0000000      0.0000000      0.0000000      0.0000000      0.0000000      0.0000000      0.0000000     -7.3163205      136.67401
  9      0.0000000      0.0000000      0.0000000      0.0000000      0.0000000      0.0000000      0.0000000      0.0000000      0.0000000      0.0000000      283.09199
 10      0.0000000      0.0000000      0.0000000      0.0000000      0.0000000      0.0000000      0.0000000      0.0000000      0.0000000      0.0000000      0.0000000

average attenuation coeffficient: 
26.124937


attenuation coefficient (method 1): 
24.439658


attenuation coefficient (method 2): 
18.614679


