"F1_D16_15,02 mm_10 MHz_00008.trc_results"
***** findmax *****
max #0 = 2.4040000e-06,0.0081950700
max #1 = 7.0879996e-06,0.0073771100
max #2 = 1.1770499e-05,0.0064557800
max #3 = 1.6454500e-05,0.0061702100
max #4 = 2.1039999e-05,0.0056597900
max #5 = 2.5820998e-05,0.0047643000
max #6 = 3.0503999e-05,0.0044528900
max #7 = 3.5190999e-05,0.0040665200
max #8 = 3.9875500e-05,0.0036581900
max #9 = 4.4455999e-05,0.0032343500
max #10 = 4.9239999e-05,0.0029965900


velocity:
              0              1              2              3              4              5              6              7              8              9             10
  0      0.0000000      6416.8736      6418.0088      6417.7189      6451.4906      6417.9063      6418.0097      6417.3001      6417.1945      6432.9784      6417.6602
  1      0.0000000      0.0000000      6419.1596      6418.1395      6463.0921      6418.1250      6418.1788      6417.2948      6417.1460      6434.8846      6417.6184
  2      0.0000000      0.0000000      0.0000000      6417.0920      6485.2402      6417.7211      6417.8591      6416.8324      6416.7064      6437.0182      6417.2939
  3      0.0000000      0.0000000      0.0000000      0.0000000      6554.8192      6417.9907      6418.0559      6416.6952      6416.5442      6440.2532      6417.2139
  4      0.0000000      0.0000000      0.0000000      0.0000000      0.0000000      6286.7310      6351.7521      6371.8859      6382.8181      6417.7432      6394.7544
  5      0.0000000      0.0000000      0.0000000      0.0000000      0.0000000      0.0000000      6418.1063      6415.2972      6415.4556      6451.2962      6416.7401
  6      0.0000000      0.0000000      0.0000000      0.0000000      0.0000000      0.0000000      0.0000000      6412.4684      6414.0993      6462.3948      6416.3501
  7      0.0000000      0.0000000      0.0000000      0.0000000      0.0000000      0.0000000      0.0000000      0.0000000      6415.7122      6487.6234      6417.6107
  8      0.0000000      0.0000000      0.0000000      0.0000000      0.0000000      0.0000000      0.0000000      0.0000000      0.0000000      6561.1490      6418.5378
  9      0.0000000      0.0000000      0.0000000      0.0000000      0.0000000      0.0000000      0.0000000      0.0000000      0.0000000      0.0000000      6281.9801
 10      0.0000000      0.0000000      0.0000000      0.0000000      0.0000000      0.0000000      0.0000000      0.0000000      0.0000000      0.0000000      0.0000000

average velocity: 
6421.2113


attenuation:
              0              1              2              3              4              5              6              7              8              9             10
  0      0.0000000      18.742858      24.557749      18.928194      19.013470      24.347654      22.440768      22.158773      23.515877      24.569122      23.507412
  1      0.0000000      0.0000000      30.375211      19.021939      19.115131      25.750193      23.180948      22.728345      24.197855      25.302742      24.037170
  2      0.0000000      0.0000000      0.0000000      7.6681695      13.471493      24.206881      21.382475      21.197764      23.167244      24.580181      23.245016
  3      0.0000000      0.0000000      0.0000000      0.0000000      19.308922      32.477786      25.953830      24.579819      26.266704      27.401639      25.470394
  4      0.0000000      0.0000000      0.0000000      0.0000000      0.0000000      44.037814      29.292277      26.131374      27.868931      28.989620      26.490255
  5      0.0000000      0.0000000      0.0000000      0.0000000      0.0000000      0.0000000      12.904585      16.688850      22.130806      24.778902      22.670596
  6      0.0000000      0.0000000      0.0000000      0.0000000      0.0000000      0.0000000      0.0000000      20.397236      26.716168      28.897131      25.107660
  7      0.0000000      0.0000000      0.0000000      0.0000000      0.0000000      0.0000000      0.0000000      0.0000000      33.015050      32.674914      26.654173
  8      0.0000000      0.0000000      0.0000000      0.0000000      0.0000000      0.0000000      0.0000000      0.0000000      0.0000000      31.573679      23.465302
  9      0.0000000      0.0000000      0.0000000      0.0000000      0.0000000      0.0000000      0.0000000      0.0000000      0.0000000      0.0000000      14.826243
 10      0.0000000      0.0000000      0.0000000      0.0000000      0.0000000      0.0000000      0.0000000      0.0000000      0.0000000      0.0000000      0.0000000

average attenuation coefficient: 
24.021478


attenuation coefficient (method 1): 
23.590713


attenuation coefficient (method 2): 
23.566612


***** autocorrelation *****
max #0 = 0.0000000,0.0025869600
max #1 = 4.6834998e-06,0.0023517900
max #2 = 9.3674998e-06,0.0018840100
max #3 = 1.4051499e-05,0.0018142300
max #4 = 1.8735500e-05,0.0017082800
max #5 = 2.3419500e-05,0.0010996500
max #6 = 2.8103499e-05,0.0011616800
max #7 = 3.2787499e-05,0.0010608900
max #8 = 3.7471498e-05,0.00094846700
max #9 = 4.2154999e-05,0.00098594100


velocity:
              0              1              2              3              4              5              6              7              8              9
  0      0.0000000      6417.5582      6417.3235      6417.2625      6417.2359      6417.2210      6417.2106      6417.2022      6417.1948      6417.2637
  1      0.0000000      0.0000000      6417.1041      6417.1125      6417.1078      6417.0972      6417.0830      6417.0666      6417.0486      6417.1149
  2      0.0000000      0.0000000      0.0000000      6417.0933      6417.0662      6417.0358      6417.0032      6416.9695      6416.9352      6416.9983
  3      0.0000000      0.0000000      0.0000000      0.0000000      6417.0089      6416.9622      6416.9143      6416.8662      6416.8185      6416.8851
  4      0.0000000      0.0000000      0.0000000      0.0000000      0.0000000      6416.8871      6416.8255      6416.7649      6416.7057      6416.7845
  5      0.0000000      0.0000000      0.0000000      0.0000000      0.0000000      0.0000000      6416.7384      6416.6671      6416.5980      6416.7020
  6      0.0000000      0.0000000      0.0000000      0.0000000      0.0000000      0.0000000      0.0000000      6416.5736      6416.4960      6416.6493
  7      0.0000000      0.0000000      0.0000000      0.0000000      0.0000000      0.0000000      0.0000000      0.0000000      6416.3995      6416.6601
  8      0.0000000      0.0000000      0.0000000      0.0000000      0.0000000      0.0000000      0.0000000      0.0000000      0.0000000      6416.9048
  9      0.0000000      0.0000000      0.0000000      0.0000000      0.0000000      0.0000000      0.0000000      0.0000000      0.0000000      0.0000000

average velocity: 
6416.9582


attenuation:
              0              1              2              3              4              5              6              7              8              9
  0      0.0000000      15.894017      35.911821      25.774308      22.313147      42.453872      31.629037      30.032960      30.629815      25.703796
  1      0.0000000      0.0000000      55.929070      30.714079      24.452628      49.093300      34.775957      32.389092      32.734596      26.929954
  2      0.0000000      0.0000000      0.0000000      5.4991157      8.7144592      46.814527      29.487776      27.680936      28.868682      22.787264
  3      0.0000000      0.0000000      0.0000000      0.0000000      11.929872      67.471856      37.484103      33.226147      33.542358      25.668638
  4      0.0000000      0.0000000      0.0000000      0.0000000      0.0000000      123.01292      50.261268      40.324488      38.945104      28.416350
  5      0.0000000      0.0000000      0.0000000      0.0000000      0.0000000      0.0000000     -22.488476     -1.0189921      10.923193      4.7677240
  6      0.0000000      0.0000000      0.0000000      0.0000000      0.0000000      0.0000000      0.0000000      20.448284      27.627356      13.852903
  7      0.0000000      0.0000000      0.0000000      0.0000000      0.0000000      0.0000000      0.0000000      0.0000000      34.807375      10.554669
  8      0.0000000      0.0000000      0.0000000      0.0000000      0.0000000      0.0000000      0.0000000      0.0000000      0.0000000     -13.700777
  9      0.0000000      0.0000000      0.0000000      0.0000000      0.0000000      0.0000000      0.0000000      0.0000000      0.0000000      0.0000000

average attenuation coeffficient: 
28.739346


attenuation coefficient (method 1): 
29.194299


attenuation coefficient (method 2): 
30.046190


***** vawelet transform *****
max #0 = 2.1195000e-06,0.0025869600
max #1 = 6.8027498e-06,0.0023517900
max #2 = 1.1486000e-05,0.0020132300
max #3 = 1.6170750e-05,0.0018142300
max #4 = 2.1134750e-05,0.0054698400
max #5 = 2.5537499e-05,0.0014976500
max #6 = 3.0222000e-05,0.0013723100
max #7 = 3.4906750e-05,0.0010608900
max #8 = 3.9591998e-05,0.00085930600
max #9 = 4.4648498e-05,0.0018672100
max #10 = 4.8959248e-05,0.00057631700


velocity:
              0              1              2              3              4              5              6              7              8              9             10
  0      0.0000000      6417.9006      6418.0086      6417.3763      6322.8478      6417.6322      6417.4388      6417.2508      6417.0235      6360.8425      6417.1467
  1      0.0000000      0.0000000      6418.1318      6417.1120      6291.7649      6417.5256      6417.2884      6417.0661      6416.8039      6353.6720      6416.9338
  2      0.0000000      0.0000000      0.0000000      6416.0650      6230.3886      6417.2645      6417.0030      6416.7635      6416.4786      6344.4539      6416.6523
  3      0.0000000      0.0000000      0.0000000      0.0000000      6055.1301      6417.8195      6417.2568      6416.8658      6416.4762      6332.5795      6416.6273
  4      0.0000000      0.0000000      0.0000000      0.0000000      0.0000000      6826.6863      6615.0161      6547.1858      6513.5844      6391.0723      6481.0265
  5      0.0000000      0.0000000      0.0000000      0.0000000      0.0000000      0.0000000      6416.0518      6415.8093      6415.4564      6290.6644      6415.9874
  6      0.0000000      0.0000000      0.0000000      0.0000000      0.0000000      0.0000000      0.0000000      6415.5447      6415.1270      6249.9119      6415.9228
  7      0.0000000      0.0000000      0.0000000      0.0000000      0.0000000      0.0000000      0.0000000      0.0000000      6414.6904      6170.2361      6416.0145
  8      0.0000000      0.0000000      0.0000000      0.0000000      0.0000000      0.0000000      0.0000000      0.0000000      0.0000000      5943.7141      6416.6542
  9      0.0000000      0.0000000      0.0000000      0.0000000      0.0000000      0.0000000      0.0000000      0.0000000      0.0000000      0.0000000      6971.3587
 10      0.0000000      0.0000000      0.0000000      0.0000000      0.0000000      0.0000000      0.0000000      0.0000000      0.0000000      0.0000000      0.0000000

average velocity: 
6405.3692


attenuation:
              0              1              2              3              4              5              6              7              8              9             10
  0      0.0000000      15.892787      26.319526      25.774090     -61.607123      24.590560      23.598722      30.032979      34.197852      5.2392140      37.835876
  1      0.0000000      0.0000000      36.746487      30.714080     -87.581495      26.764563      25.139774      32.389091      36.812191      3.8734980      40.273934
  2      0.0000000      0.0000000      0.0000000      24.681143     -149.86863      23.436222      22.238188      31.516862      36.822399    -0.83567738      40.714975
  3      0.0000000      0.0000000      0.0000000      0.0000000     -323.68963      22.816900      21.423742      33.226146      39.250710     -5.0827240      43.005617
  4      0.0000000      0.0000000      0.0000000      0.0000000      0.0000000      373.62746      194.25817      152.98194      130.45829      58.785134      104.20126
  5      0.0000000      0.0000000      0.0000000      0.0000000      0.0000000      0.0000000      18.659727      43.640555      50.211065     -18.727133      51.085644
  6      0.0000000      0.0000000      0.0000000      0.0000000      0.0000000      0.0000000      0.0000000      68.614563      65.980330     -31.871050      59.191955
  7      0.0000000      0.0000000      0.0000000      0.0000000      0.0000000      0.0000000      0.0000000      0.0000000      63.351227     -80.997854      56.048954
  8      0.0000000      0.0000000      0.0000000      0.0000000      0.0000000      0.0000000      0.0000000      0.0000000      0.0000000     -222.74647      52.391969
  9      0.0000000      0.0000000      0.0000000      0.0000000      0.0000000      0.0000000      0.0000000      0.0000000      0.0000000      0.0000000      330.02380
 10      0.0000000      0.0000000      0.0000000      0.0000000      0.0000000      0.0000000      0.0000000      0.0000000      0.0000000      0.0000000      0.0000000

average attenuation coeffficient: 
30.651498


attenuation coefficient (method 1): 
29.426790


attenuation coefficient (method 2): 
19.403521


