"F1_D16_15,02 mm_2,5 MHz_00006_results"
***** findmax *****
max #0 = 1.8453500e-05,0.020956819
max #1 = 2.3120500e-05,0.018814359
max #2 = 2.7797500e-05,0.016842470
max #3 = 3.2477500e-05,0.014857658
max #4 = 3.7151500e-05,0.013002066
max #5 = 4.1830500e-05,0.011360978
max #6 = 4.6505500e-05,0.0097147220
max #7 = 5.1194000e-05,0.0085827592
max #8 = 5.5866500e-05,0.0072182013
max #9 = 6.0552500e-05,0.0059466814
max #10 = 6.5233000e-05,0.0052928307


velocity:
              0              1              2              3              4              5              6              7              8              9             10
  0      0.0000000      6404.5036      6403.4089      6403.0743      6405.5743      6406.0669      6407.5261      6406.0908      6407.8476      6407.2482      6407.5789
  1      0.0000000      0.0000000      6406.3828      6406.8287      6410.5841      6411.1661      6412.8327      6411.0025      6412.9070      6412.0872      6412.3273
  2      0.0000000      0.0000000      0.0000000      6408.1050      6413.6231      6413.7381      6415.4335      6412.9054      6414.9605      6413.8484      6413.9961
  3      0.0000000      0.0000000      0.0000000      0.0000000      6419.4012      6416.8471      6418.1888      6414.4239      6416.6547      6415.1278      6415.1579
  4      0.0000000      0.0000000      0.0000000      0.0000000      0.0000000      6414.3885      6417.6961      6412.8910      6416.1007      6414.4105      6414.5906
  5      0.0000000      0.0000000      0.0000000      0.0000000      0.0000000      0.0000000      6421.0512      6412.1966      6416.7335      6414.4828      6414.7016
  6      0.0000000      0.0000000      0.0000000      0.0000000      0.0000000      0.0000000      0.0000000      6403.3889      6414.6066      6412.3308      6413.1543
  7      0.0000000      0.0000000      0.0000000      0.0000000      0.0000000      0.0000000      0.0000000      0.0000000      6425.8782      6416.8298      6416.4380
  8      0.0000000      0.0000000      0.0000000      0.0000000      0.0000000      0.0000000      0.0000000      0.0000000      0.0000000      6407.8154      6411.7401
  9      0.0000000      0.0000000      0.0000000      0.0000000      0.0000000      0.0000000      0.0000000      0.0000000      0.0000000      0.0000000      6415.6759
 10      0.0000000      0.0000000      0.0000000      0.0000000      0.0000000      0.0000000      0.0000000      0.0000000      0.0000000      0.0000000      0.0000000

average velocity: 
6412.4464


attenuation:
              0              1              2              3              4              5              6              7              8              9             10
  0      0.0000000      3.7492325      10.078651      18.776927      17.536622      15.320455      14.746303      13.207825      14.082199      15.671771      14.906411
  1      0.0000000      0.0000000      16.458195      26.293058      22.122608      18.197506      16.930600      14.768326      15.545252      17.149773      16.135246
  2      0.0000000      0.0000000      0.0000000      36.098997      24.868792      18.714062      16.989645      14.395114      15.355513      17.220285      16.069844
  3      0.0000000      0.0000000      0.0000000      0.0000000      13.650433      10.034041      10.635288      8.9773888      11.218207      14.082177      13.216370
  4      0.0000000      0.0000000      0.0000000      0.0000000      0.0000000      6.4030757      9.1228627      7.4059443      10.603654      14.160153      13.136759
  5      0.0000000      0.0000000      0.0000000      0.0000000      0.0000000      0.0000000      11.852193      7.9043815      12.006119      16.099273      14.483538
  6      0.0000000      0.0000000      0.0000000      0.0000000      0.0000000      0.0000000      0.0000000      3.9424423      12.078591      17.509667      15.137102
  7      0.0000000      0.0000000      0.0000000      0.0000000      0.0000000      0.0000000      0.0000000      0.0000000      20.225076      24.298636      18.873245
  8      0.0000000      0.0000000      0.0000000      0.0000000      0.0000000      0.0000000      0.0000000      0.0000000      0.0000000      28.367130      18.193824
  9      0.0000000      0.0000000      0.0000000      0.0000000      0.0000000      0.0000000      0.0000000      0.0000000      0.0000000      0.0000000      8.0219380
 10      0.0000000      0.0000000      0.0000000      0.0000000      0.0000000      0.0000000      0.0000000      0.0000000      0.0000000      0.0000000      0.0000000

average attenuation coefficient: 
15.145977


attenuation coefficient (method 1): 
15.683439


attenuation coefficient (method 2): 
14.613432


***** autocorrelation *****
max #0 = 0.0000000,0.020843105
max #1 = 4.6770000e-06,0.018793684
max #2 = 9.3540000e-06,0.016795951
max #3 = 1.4031000e-05,0.014803386
max #4 = 1.8709500e-05,0.012872847
max #5 = 2.3388000e-05,0.011255018
max #6 = 2.8068000e-05,0.0096449435
max #7 = 3.2746000e-05,0.0085155650
max #8 = 3.7426000e-05,0.0071535915
max #9 = 4.2105500e-05,0.0059182531


velocity:
              0              1              2              3              4              5              6              7              8              9
  0      0.0000000      6390.9581      6396.6232      6399.9039      6401.6633      6403.0720      6403.8935      6405.0203      6405.6323      6406.2634
  1      0.0000000      0.0000000      6406.3828      6408.8750      6409.9012      6410.8246      6411.1923      6412.0277      6412.3209      6412.6855
  2      0.0000000      0.0000000      0.0000000      6412.2031      6412.5974      6413.2821      6413.3807      6414.1368      6414.2761      6414.5328
  3      0.0000000      0.0000000      0.0000000      0.0000000      6413.2392      6414.1089      6414.0803      6414.9372      6415.0113      6415.2419
  4      0.0000000      0.0000000      0.0000000      0.0000000      0.0000000      6415.0729      6414.6144      6415.6288      6415.5871      6415.7798
  5      0.0000000      0.0000000      0.0000000      0.0000000      0.0000000      0.0000000      6414.1993      6415.9611      6415.8203      6416.0235
  6      0.0000000      0.0000000      0.0000000      0.0000000      0.0000000      0.0000000      0.0000000      6417.7473      6416.6611      6416.6667
  7      0.0000000      0.0000000      0.0000000      0.0000000      0.0000000      0.0000000      0.0000000      0.0000000      6415.5891      6416.1447
  8      0.0000000      0.0000000      0.0000000      0.0000000      0.0000000      0.0000000      0.0000000      0.0000000      0.0000000      6416.7095
  9      0.0000000      0.0000000      0.0000000      0.0000000      0.0000000      0.0000000      0.0000000      0.0000000      0.0000000      0.0000000

average velocity: 
6411.4772


attenuation:
              0              1              2              3              4              5              6              7              8              9
  0      0.0000000      2.6262788      9.6557392      18.610314      17.882556      15.562673      14.849303      13.312674      14.219974      15.654807
  1      0.0000000      0.0000000      16.940004      26.668170      22.981105      18.796686      17.290356      15.090255      15.873279      17.281302
  2      0.0000000      0.0000000      0.0000000      36.293696      25.927475      19.356054      17.331407      14.679105      15.660640      17.299459
  3      0.0000000      0.0000000      0.0000000      0.0000000      15.559163      10.887287      11.011015      9.2774938      11.536169      14.136171
  4      0.0000000      0.0000000      0.0000000      0.0000000      0.0000000      6.2194526      8.7391813      7.1874873      10.533718      13.854781
  5      0.0000000      0.0000000      0.0000000      0.0000000      0.0000000      0.0000000      11.257369      7.6723471      11.972357      15.764275
  6      0.0000000      0.0000000      0.0000000      0.0000000      0.0000000      0.0000000      0.0000000      4.0900670      12.331444      17.267962
  7      0.0000000      0.0000000      0.0000000      0.0000000      0.0000000      0.0000000      0.0000000      0.0000000      20.571798      23.856232
  8      0.0000000      0.0000000      0.0000000      0.0000000      0.0000000      0.0000000      0.0000000      0.0000000      0.0000000      27.140967
  9      0.0000000      0.0000000      0.0000000      0.0000000      0.0000000      0.0000000      0.0000000      0.0000000      0.0000000      0.0000000

average attenuation coeffficient: 
15.349112


attenuation coefficient (method 1): 
15.390092


attenuation coefficient (method 2): 
14.350475


***** vawelet transform *****
max #0 = 1.8448500e-05,0.020843105
max #1 = 2.3123500e-05,0.018780762
max #2 = 2.7799000e-05,0.016795951
max #3 = 3.2474000e-05,0.014751698
max #4 = 3.7150000e-05,0.012958131
max #5 = 4.1828000e-05,0.011322213
max #6 = 4.6507000e-05,0.0096785405
max #7 = 5.1187500e-05,0.0084793836
max #8 = 5.5868000e-05,0.0071355008
max #9 = 6.0551000e-05,0.0059260063
max #10 = 6.4839000e-05,0.0049387693


velocity:
              0              1              2              3              4              5              6              7              8              9             10
  0      0.0000000      6393.6627      6398.9966      6402.3946      6404.3835      6405.3860      6406.0499      6406.3828      6406.7398      6406.7179      6461.0844
  1      0.0000000      0.0000000      6408.4278      6411.2640      6412.6335      6413.0455      6413.2429      6413.1672      6413.2000      6412.8565      6473.2275
  2      0.0000000      0.0000000      0.0000000      6414.9381      6415.6755      6415.5628      6415.4335      6415.0949      6414.9605      6414.4350      6482.3815
  3      0.0000000      0.0000000      0.0000000      0.0000000      6416.6610      6416.1623      6415.9057      6415.4507      6415.2851      6414.6714      6492.4673
  4      0.0000000      0.0000000      0.0000000      0.0000000      0.0000000      6415.7576      6415.6413      6415.1723      6415.0736      6414.4105      6505.4257
  5      0.0000000      0.0000000      0.0000000      0.0000000      0.0000000      0.0000000      6415.5685      6414.9340      6414.9073      6414.1405      6523.7386
  6      0.0000000      0.0000000      0.0000000      0.0000000      0.0000000      0.0000000      0.0000000      6414.3228      6414.6066      6413.6994      6551.3978
  7      0.0000000      0.0000000      0.0000000      0.0000000      0.0000000      0.0000000      0.0000000      0.0000000      6414.9043      6413.4060      6598.4280
  8      0.0000000      0.0000000      0.0000000      0.0000000      0.0000000      0.0000000      0.0000000      0.0000000      0.0000000      6411.9173      6694.2027
  9      0.0000000      0.0000000      0.0000000      0.0000000      0.0000000      0.0000000      0.0000000      0.0000000      0.0000000      0.0000000      7002.4999
 10      0.0000000      0.0000000      0.0000000      0.0000000      0.0000000      0.0000000      0.0000000      0.0000000      0.0000000      0.0000000      0.0000000

average velocity: 
6442.4019


attenuation:
              0              1              2              3              4              5              6              7              8              9             10
  0      0.0000000      2.7985020      9.6683387      18.943436      17.393236      15.206873      14.671151      13.482274      14.306763      15.610954      16.559846
  1      0.0000000      0.0000000      16.782897      27.080254      22.271162      18.308193      17.041405      15.258019      15.946389      17.208573      18.123251
  2      0.0000000      0.0000000      0.0000000      37.262490      24.929164      18.755182      17.059439      14.917100      15.777544      17.246027      18.071017
  3      0.0000000      0.0000000      0.0000000      0.0000000      12.594705      9.5003468      10.323791      9.3289254      11.478722      13.907436      15.436624
  4      0.0000000      0.0000000      0.0000000      0.0000000      0.0000000      6.4025845      9.1850565      8.2365228      11.196196      14.165820      16.030686
  5      0.0000000      0.0000000      0.0000000      0.0000000      0.0000000      0.0000000      11.966995      9.1522016      12.792896      16.104859      18.045616
  6      0.0000000      0.0000000      0.0000000      0.0000000      0.0000000      0.0000000      0.0000000      6.3363323      13.205097      17.482938      19.635725
  7      0.0000000      0.0000000      0.0000000      0.0000000      0.0000000      0.0000000      0.0000000      0.0000000      20.074096      23.055837      24.132344
  8      0.0000000      0.0000000      0.0000000      0.0000000      0.0000000      0.0000000      0.0000000      0.0000000      0.0000000      26.036724      26.229029
  9      0.0000000      0.0000000      0.0000000      0.0000000      0.0000000      0.0000000      0.0000000      0.0000000      0.0000000      0.0000000      26.528621
 10      0.0000000      0.0000000      0.0000000      0.0000000      0.0000000      0.0000000      0.0000000      0.0000000      0.0000000      0.0000000      0.0000000

average attenuation coeffficient: 
16.168113


attenuation coefficient (method 1): 
16.478094


attenuation coefficient (method 2): 
15.006249


