"F1_D16_15,02 mm_2,5 MHz_00002_results"
***** findmax *****
max #0 = 1.8449000e-05,0.020775911
max #1 = 2.3128500e-05,0.018734243
max #2 = 2.7799000e-05,0.016811457
max #3 = 3.2477500e-05,0.014756867
max #4 = 3.7148000e-05,0.012945210
max #5 = 4.1829000e-05,0.011226590
max #6 = 4.6507500e-05,0.0096035932
max #7 = 5.1192000e-05,0.0084406177
max #8 = 5.5867500e-05,0.0070889818
max #9 = 6.0554000e-05,0.0059208375
max #10 = 6.5234000e-05,0.0053651936


velocity:
              0              1              2              3              4              5              6              7              8              9             10
  0      0.0000000      6387.5807      6399.3358      6401.0358      6405.2340      6405.2498      6406.0499      6405.6042      6406.9102      6406.3392      6406.8287
  1      0.0000000      0.0000000      6415.2536      6412.2884      6415.8240      6414.4130      6414.4739      6413.2812      6414.2749      6413.1984      6413.3912
  2      0.0000000      0.0000000      0.0000000      6410.1534      6417.0445      6415.1065      6415.2623      6413.8631      6415.0746      6413.8484      6414.0817
  3      0.0000000      0.0000000      0.0000000      0.0000000      6424.2020      6417.8746      6417.2754      6415.1084      6416.3807      6414.7855      6414.9623
  4      0.0000000      0.0000000      0.0000000      0.0000000      0.0000000      6411.6520      6413.9300      6412.2069      6414.5601      6413.0417      6413.5639
  5      0.0000000      0.0000000      0.0000000      0.0000000      0.0000000      0.0000000      6416.2534      6412.5387      6415.5920      6413.4561      6414.0170
  6      0.0000000      0.0000000      0.0000000      0.0000000      0.0000000      0.0000000      0.0000000      6408.8512      6415.2913      6412.5589      6413.4965
  7      0.0000000      0.0000000      0.0000000      0.0000000      0.0000000      0.0000000      0.0000000      0.0000000      6421.7586      6414.4327      6415.0682
  8      0.0000000      0.0000000      0.0000000      0.0000000      0.0000000      0.0000000      0.0000000      0.0000000      0.0000000      6407.1322      6411.7401
  9      0.0000000      0.0000000      0.0000000      0.0000000      0.0000000      0.0000000      0.0000000      0.0000000      0.0000000      0.0000000      6416.3609
 10      0.0000000      0.0000000      0.0000000      0.0000000      0.0000000      0.0000000      0.0000000      0.0000000      0.0000000      0.0000000      0.0000000

average velocity: 
6412.3471


attenuation:
              0              1              2              3              4              5              6              7              8              9             10
  0      0.0000000      2.6420349      9.0699125      18.600629      17.228195      15.511298      14.890167      13.541759      14.425731      15.536743      14.265826
  1      0.0000000      0.0000000      15.938538      26.673568      22.119865      18.736789      17.342687      15.358900      16.110369      17.149373      15.558722
  2      0.0000000      0.0000000      0.0000000      37.502433      25.187380      19.667010      17.689797      15.246037      16.136361      17.324061      15.511931
  3      0.0000000      0.0000000      0.0000000      0.0000000      12.888089      10.759931      11.095590      9.6878288      11.870802      13.965787      12.375178
  4      0.0000000      0.0000000      0.0000000      0.0000000      0.0000000      8.5967300      10.174779      8.5964574      11.599003      14.163480      12.274397
  5      0.0000000      0.0000000      0.0000000      0.0000000      0.0000000      0.0000000      11.759349      8.5971632      12.603755      15.556640      13.011707
  6      0.0000000      0.0000000      0.0000000      0.0000000      0.0000000      0.0000000      0.0000000      5.4289990      13.025209      16.820103      13.323246
  7      0.0000000      0.0000000      0.0000000      0.0000000      0.0000000      0.0000000      0.0000000      0.0000000      20.627325      22.517854      15.956825
  8      0.0000000      0.0000000      0.0000000      0.0000000      0.0000000      0.0000000      0.0000000      0.0000000      0.0000000      24.404271      13.619082
  9      0.0000000      0.0000000      0.0000000      0.0000000      0.0000000      0.0000000      0.0000000      0.0000000      0.0000000      0.0000000      2.8355632
 10      0.0000000      0.0000000      0.0000000      0.0000000      0.0000000      0.0000000      0.0000000      0.0000000      0.0000000      0.0000000      0.0000000

average attenuation coefficient: 
14.965478


attenuation coefficient (method 1): 
15.591328


attenuation coefficient (method 2): 
14.665049


***** autocorrelation *****
max #0 = 0.0000000,0.020721639
max #1 = 4.6770000e-06,0.018656711
max #2 = 9.3525000e-06,0.016741678
max #3 = 1.4030000e-05,0.014710348
max #4 = 1.8708500e-05,0.012903859
max #5 = 2.3387000e-05,0.011081864
max #6 = 2.8065500e-05,0.0095441523
max #7 = 3.2744000e-05,0.0084406177
max #8 = 3.7424500e-05,0.0070502159
max #9 = 4.2105000e-05,0.0058484746


velocity:
              0              1              2              3              4              5              6              7              8              9
  0      0.0000000      6390.9581      6397.6402      6400.3566      6402.0032      6403.3441      6404.4609      6405.4095      6405.8879      6406.3392
  1      0.0000000      0.0000000      6408.4278      6409.5574      6410.3565      6411.1661      6411.8757      6412.4834      6412.6139      6412.7710
  2      0.0000000      0.0000000      0.0000000      6411.5197      6412.2556      6413.0541      6413.7227      6414.2737      6414.2761      6414.3372
  3      0.0000000      0.0000000      0.0000000      0.0000000      6413.2392      6414.1089      6414.7647      6415.2795      6415.1482      6415.1278
  4      0.0000000      0.0000000      0.0000000      0.0000000      0.0000000      6415.0729      6415.6413      6416.0853      6415.7583      6415.6429
  5      0.0000000      0.0000000      0.0000000      0.0000000      0.0000000      0.0000000      6416.2534      6416.6461      6416.0486      6415.8523
  6      0.0000000      0.0000000      0.0000000      0.0000000      0.0000000      0.0000000      0.0000000      6417.0621      6415.9761      6415.7534
  7      0.0000000      0.0000000      0.0000000      0.0000000      0.0000000      0.0000000      0.0000000      0.0000000      6414.9043      6415.1174
  8      0.0000000      0.0000000      0.0000000      0.0000000      0.0000000      0.0000000      0.0000000      0.0000000      0.0000000      6415.3396
  9      0.0000000      0.0000000      0.0000000      0.0000000      0.0000000      0.0000000      0.0000000      0.0000000      0.0000000      0.0000000

average velocity: 
6411.6425


attenuation:
              0              1              2              3              4              5              6              7              8              9
  0      0.0000000      3.0513941      9.2840675      18.653927      17.284631      16.119907      15.071110      13.434612      14.533746      15.847778
  1      0.0000000      0.0000000      15.802530      26.523795      22.042965      19.387347      17.472147      15.162045      16.171369      17.445314
  2      0.0000000      0.0000000      0.0000000      37.191476      25.116539      20.541141      17.853392      15.001980      16.206147      17.656972
  3      0.0000000      0.0000000      0.0000000      0.0000000      13.040443      12.217267      11.410246      9.4584246      12.012544      14.404486
  4      0.0000000      0.0000000      0.0000000      0.0000000      0.0000000      11.398134      10.599755      8.2692072      11.759164      14.680294
  5      0.0000000      0.0000000      0.0000000      0.0000000      0.0000000      0.0000000      9.8028562      6.7064397      11.880303      15.501334
  6      0.0000000      0.0000000      0.0000000      0.0000000      0.0000000      0.0000000      0.0000000      3.6105828      12.918746      17.400436
  7      0.0000000      0.0000000      0.0000000      0.0000000      0.0000000      0.0000000      0.0000000      0.0000000      22.225887      24.294549
  8      0.0000000      0.0000000      0.0000000      0.0000000      0.0000000      0.0000000      0.0000000      0.0000000      0.0000000      26.363318
  9      0.0000000      0.0000000      0.0000000      0.0000000      0.0000000      0.0000000      0.0000000      0.0000000      0.0000000      0.0000000

average attenuation coeffficient: 
15.618017


attenuation coefficient (method 1): 
15.676371


attenuation coefficient (method 2): 
14.591954


***** vawelet transform *****
max #0 = 1.8448000e-05,0.020721639
max #1 = 2.3123000e-05,0.018685140
max #2 = 2.7798500e-05,0.016811457
max #3 = 3.2473500e-05,0.014725854
max #4 = 3.7149500e-05,0.012927119
max #5 = 4.1827000e-05,0.011151643
max #6 = 4.6506500e-05,0.0095880869
max #7 = 5.1185500e-05,0.0083940987
max #8 = 5.5866000e-05,0.0070734754
max #9 = 6.0548500e-05,0.0058898248
max #10 = 6.4837000e-05,0.0050085478


velocity:
              0              1              2              3              4              5              6              7              8              9             10
  0      0.0000000      6393.6627      6398.9966      6402.3946      6404.3835      6405.5221      6406.0499      6406.6749      6406.9954      6407.0209      6461.2924
  1      0.0000000      0.0000000      6408.4278      6411.2640      6412.6335      6413.2164      6413.2429      6413.5091      6413.4932      6413.1984      6473.4598
  2      0.0000000      0.0000000      0.0000000      6414.9381      6415.6755      6415.7909      6415.4335      6415.5057      6415.3028      6414.8261      6482.6436
  3      0.0000000      0.0000000      0.0000000      0.0000000      6416.6610      6416.5047      6415.9057      6415.9642      6415.6959      6415.1278      6492.7678
  4      0.0000000      0.0000000      0.0000000      0.0000000      0.0000000      6416.4423      6415.6413      6415.8571      6415.5871      6414.9582      6505.7778
  5      0.0000000      0.0000000      0.0000000      0.0000000      0.0000000      0.0000000      6414.8839      6415.6187      6415.3637      6414.6540      6524.0218
  6      0.0000000      0.0000000      0.0000000      0.0000000      0.0000000      0.0000000      0.0000000      6416.3771      6415.6337      6414.6121      6551.9334
  7      0.0000000      0.0000000      0.0000000      0.0000000      0.0000000      0.0000000      0.0000000      0.0000000      6414.9043      6413.7482      6598.4280
  8      0.0000000      0.0000000      0.0000000      0.0000000      0.0000000      0.0000000      0.0000000      0.0000000      0.0000000      6412.6014      6694.2027
  9      0.0000000      0.0000000      0.0000000      0.0000000      0.0000000      0.0000000      0.0000000      0.0000000      0.0000000      0.0000000      7001.6841
 10      0.0000000      0.0000000      0.0000000      0.0000000      0.0000000      0.0000000      0.0000000      0.0000000      0.0000000      0.0000000      0.0000000

average velocity: 
6442.6748


attenuation:
              0              1              2              3              4              5              6              7              8              9             10
  0      0.0000000      2.5844807      8.6899538      18.549119      17.143953      15.746026      14.841989      13.657066      14.409975      15.618741      15.984457
  1      0.0000000      0.0000000      15.040149      26.595790      22.010125      19.035837      17.289216      15.497898      16.095143      17.244328      17.507846
  2      0.0000000      0.0000000      0.0000000      38.036310      25.408982      20.304443      17.804889      15.551515      16.240182      17.534531      17.595758
  3      0.0000000      0.0000000      0.0000000      0.0000000      12.780522      11.437955      11.059785      9.9293841      11.879788      14.115735      14.783357
  4      0.0000000      0.0000000      0.0000000      0.0000000      0.0000000      10.093847      10.196139      8.9765533      11.651965      14.379459      15.238046
  5      0.0000000      0.0000000      0.0000000      0.0000000      0.0000000      0.0000000      10.295883      8.4166161      12.169921      15.448930      16.355843
  6      0.0000000      0.0000000      0.0000000      0.0000000      0.0000000      0.0000000      0.0000000      6.5384545      13.107362      17.166358      17.941929
  7      0.0000000      0.0000000      0.0000000      0.0000000      0.0000000      0.0000000      0.0000000      0.0000000      19.675561      22.479222      21.805825
  8      0.0000000      0.0000000      0.0000000      0.0000000      0.0000000      0.0000000      0.0000000      0.0000000      0.0000000      25.282222      22.938518
  9      0.0000000      0.0000000      0.0000000      0.0000000      0.0000000      0.0000000      0.0000000      0.0000000      0.0000000      0.0000000      20.701796
 10      0.0000000      0.0000000      0.0000000      0.0000000      0.0000000      0.0000000      0.0000000      0.0000000      0.0000000      0.0000000      0.0000000

average attenuation coeffficient: 
15.979376


attenuation coefficient (method 1): 
16.368660


attenuation coefficient (method 2): 
15.041542


