"F1_D16_15,02 mm_2,5 MHz_00004_results"
***** findmax *****
max #0 = 1.8452500e-05,0.020923221
max #1 = 2.3120500e-05,0.018855709
max #2 = 2.7802500e-05,0.016847638
max #3 = 3.2474000e-05,0.014855074
max #4 = 3.7154500e-05,0.012921950
max #5 = 4.1829000e-05,0.011350641
max #6 = 4.6507000e-05,0.0096320215
max #7 = 5.1182500e-05,0.0085129807
max #8 = 5.5871000e-05,0.0072466296
max #9 = 6.0545000e-05,0.0059311751
max #10 = 6.5232000e-05,0.0054349722


velocity:
              0              1              2              3              4              5              6              7              8              9             10
  0      0.0000000      6403.1465      6399.3358      6404.2073      6404.2134      6406.2031      6406.9583      6408.1355      6406.9102      6408.2333      6407.5789
  1      0.0000000      0.0000000      6399.5759      6409.2162      6409.2185      6411.6786      6412.4225      6413.6231      6412.0279      6413.3694      6412.4793
  2      0.0000000      0.0000000      0.0000000      6419.7300      6414.9912      6416.7037      6416.6315      6417.4230      6415.0746      6416.2932      6415.0228
  3      0.0000000      0.0000000      0.0000000      0.0000000      6410.5043      6415.4777      6415.9057      6417.1627      6414.4637      6416.0408      6414.6689
  4      0.0000000      0.0000000      0.0000000      0.0000000      0.0000000      6420.5540      6418.7240      6419.5114      6415.5871      6417.2868      6415.5036
  5      0.0000000      0.0000000      0.0000000      0.0000000      0.0000000      0.0000000      6416.9383      6419.0445      6413.9945      6416.5372      6414.5647
  6      0.0000000      0.0000000      0.0000000      0.0000000      0.0000000      0.0000000      0.0000000      6421.1755      6412.5534      6416.4383      6414.0099
  7      0.0000000      0.0000000      0.0000000      0.0000000      0.0000000      0.0000000      0.0000000      0.0000000      6403.9678      6414.0904      6411.6462
  8      0.0000000      0.0000000      0.0000000      0.0000000      0.0000000      0.0000000      0.0000000      0.0000000      0.0000000      6424.2546      6415.5046
  9      0.0000000      0.0000000      0.0000000      0.0000000      0.0000000      0.0000000      0.0000000      0.0000000      0.0000000      0.0000000      6406.7844
 10      0.0000000      0.0000000      0.0000000      0.0000000      0.0000000      0.0000000      0.0000000      0.0000000      0.0000000      0.0000000      0.0000000

average velocity: 
6412.9691


attenuation:
              0              1              2              3              4              5              6              7              8              9             10
  0      0.0000000      2.6636519      9.7805642      18.637245      17.873419      15.279630      15.083761      13.469335      13.886140      15.700225      14.093752
  1      0.0000000      0.0000000      16.865354      26.641439      22.933531      18.420042      17.553572      15.257671      15.476644      17.319354      15.353918
  2      0.0000000      0.0000000      0.0000000      36.057089      25.787317      18.796045      17.617796      14.846103      15.180022      17.324663      15.117041
  3      0.0000000      0.0000000      0.0000000      0.0000000      15.501212      10.154298      11.461216      9.5361491      10.993685      14.194955      12.116729
  4      0.0000000      0.0000000      0.0000000      0.0000000      0.0000000      4.8337875      9.4592359      7.5648080      9.8748501      13.943444      11.558922
  5      0.0000000      0.0000000      0.0000000      0.0000000      0.0000000      0.0000000      14.079120      8.9281768      11.547891      16.216821      12.898679
  6      0.0000000      0.0000000      0.0000000      0.0000000      0.0000000      0.0000000      0.0000000      3.7805204      10.279187      16.928997      12.601927
  7      0.0000000      0.0000000      0.0000000      0.0000000      0.0000000      0.0000000      0.0000000      0.0000000      16.769940      23.500373      15.538996
  8      0.0000000      0.0000000      0.0000000      0.0000000      0.0000000      0.0000000      0.0000000      0.0000000      0.0000000      30.236520      14.926376
  9      0.0000000      0.0000000      0.0000000      0.0000000      0.0000000      0.0000000      0.0000000      0.0000000      0.0000000      0.0000000    -0.38692289
 10      0.0000000      0.0000000      0.0000000      0.0000000      0.0000000      0.0000000      0.0000000      0.0000000      0.0000000      0.0000000      0.0000000

average attenuation coefficient: 
14.764640


attenuation coefficient (method 1): 
15.382241


attenuation coefficient (method 2): 
14.500789


***** autocorrelation *****
max #0 = 0.0000000,0.020861196
max #1 = 4.6765000e-06,0.018842787
max #2 = 9.3535000e-06,0.016793366
max #3 = 1.4031000e-05,0.014774958
max #4 = 1.8708500e-05,0.012898690
max #5 = 2.3387000e-05,0.011257603
max #6 = 2.8066500e-05,0.0094614518
max #7 = 3.2746000e-05,0.0084871368
max #8 = 3.7425000e-05,0.0071975261
max #9 = 4.2105500e-05,0.0058898248


velocity:
              0              1              2              3              4              5              6              7              8              9
  0      0.0000000      6391.6341      6396.9622      6399.9039      6402.0032      6403.3441      6404.2339      6405.0203      6405.8027      6406.2634
  1      0.0000000      0.0000000      6406.3828      6408.5339      6410.1288      6410.9954      6411.4656      6411.9138      6412.4185      6412.6000
  2      0.0000000      0.0000000      0.0000000      6411.5197      6412.9393      6413.5101      6413.7227      6414.0000      6414.3902      6414.4350
  3      0.0000000      0.0000000      0.0000000      0.0000000      6414.6075      6414.7932      6414.7647      6414.9372      6415.2851      6415.2419
  4      0.0000000      0.0000000      0.0000000      0.0000000      0.0000000      6415.0729      6414.9567      6415.1723      6415.5871      6415.5059
  5      0.0000000      0.0000000      0.0000000      0.0000000      0.0000000      0.0000000      6414.8839      6415.2763      6415.8203      6415.6810
  6      0.0000000      0.0000000      0.0000000      0.0000000      0.0000000      0.0000000      0.0000000      6415.6922      6416.3186      6415.9817
  7      0.0000000      0.0000000      0.0000000      0.0000000      0.0000000      0.0000000      0.0000000      0.0000000      6416.9590      6416.1447
  8      0.0000000      0.0000000      0.0000000      0.0000000      0.0000000      0.0000000      0.0000000      0.0000000      0.0000000      6415.3396
  9      0.0000000      0.0000000      0.0000000      0.0000000      0.0000000      0.0000000      0.0000000      0.0000000      0.0000000      0.0000000

average velocity: 
6411.5143


attenuation:
              0              1              2              3              4              5              6              7              8              9
  0      0.0000000      2.1159909      9.8052158      18.879199      17.798796      15.598201      15.815086      13.486637      14.029306      15.837374
  1      0.0000000      0.0000000      17.738982      27.322471      23.038697      18.968050      18.550946      15.377577      15.727808      17.549917
  2      0.0000000      0.0000000      0.0000000      36.815617      25.610427      19.316370      18.705314      14.864758      15.357306      17.492639
  3      0.0000000      0.0000000      0.0000000      0.0000000      14.405948      10.569286      12.671428      9.3802664      11.069328      14.275579
  4      0.0000000      0.0000000      0.0000000      0.0000000      0.0000000      6.7329430      11.804044      7.7053021      10.236096      14.250187
  5      0.0000000      0.0000000      0.0000000      0.0000000      0.0000000      0.0000000      16.874612      8.1914709      11.404364      16.129836
  6      0.0000000      0.0000000      0.0000000      0.0000000      0.0000000      0.0000000      0.0000000    -0.49111073      8.6701299      15.882142
  7      0.0000000      0.0000000      0.0000000      0.0000000      0.0000000      0.0000000      0.0000000      0.0000000      17.831919      24.068913
  8      0.0000000      0.0000000      0.0000000      0.0000000      0.0000000      0.0000000      0.0000000      0.0000000      0.0000000      30.305437
  9      0.0000000      0.0000000      0.0000000      0.0000000      0.0000000      0.0000000      0.0000000      0.0000000      0.0000000      0.0000000

average attenuation coeffficient: 
15.506018


attenuation coefficient (method 1): 
15.558748


attenuation coefficient (method 2): 
14.558479


***** vawelet transform *****
max #0 = 1.8447500e-05,0.020861196
max #1 = 2.3122500e-05,0.018829866
max #2 = 2.7797500e-05,0.016770107
max #3 = 3.2473000e-05,0.014824061
max #4 = 3.7149000e-05,0.012890937
max #5 = 4.1827500e-05,0.011319628
max #6 = 4.6506000e-05,0.0095829181
max #7 = 5.1186000e-05,0.0084509553
max #8 = 5.5867500e-05,0.0072414608
max #9 = 6.0550000e-05,0.0058769029
max #10 = 6.4837500e-05,0.0050990015


velocity:
              0              1              2              3              4              5              6              7              8              9             10
  0      0.0000000      6393.6627      6399.3358      6402.3946      6404.3835      6405.2498      6406.0499      6406.4802      6406.6546      6406.7179      6461.1537
  1      0.0000000      0.0000000      6409.1097      6411.2640      6412.6335      6412.8746      6413.2429      6413.2812      6413.1023      6412.8565      6473.3049
  2      0.0000000      0.0000000      0.0000000      6414.2541      6415.3334      6415.1065      6415.2623      6415.0949      6414.7324      6414.3372      6482.3815
  3      0.0000000      0.0000000      0.0000000      0.0000000      6416.6610      6415.8200      6415.9057      6415.6218      6415.1482      6414.6714      6492.5675
  4      0.0000000      0.0000000      0.0000000      0.0000000      0.0000000      6415.0729      6415.6413      6415.4006      6414.9024      6414.4105      6505.5430
  5      0.0000000      0.0000000      0.0000000      0.0000000      0.0000000      0.0000000      6416.2534      6415.6187      6414.9073      6414.3117      6524.0218
  6      0.0000000      0.0000000      0.0000000      0.0000000      0.0000000      0.0000000      0.0000000      6415.0074      6414.2643      6413.6994      6551.5763
  7      0.0000000      0.0000000      0.0000000      0.0000000      0.0000000      0.0000000      0.0000000      0.0000000      6413.5352      6413.0638      6598.4280
  8      0.0000000      0.0000000      0.0000000      0.0000000      0.0000000      0.0000000      0.0000000      0.0000000      0.0000000      6412.6014      6694.9485
  9      0.0000000      0.0000000      0.0000000      0.0000000      0.0000000      0.0000000      0.0000000      0.0000000      0.0000000      0.0000000      7003.3159
 10      0.0000000      0.0000000      0.0000000      0.0000000      0.0000000      0.0000000      0.0000000      0.0000000      0.0000000      0.0000000      0.0000000

average velocity: 
6442.4213


attenuation:
              0              1              2              3              4              5              6              7              8              9             10
  0      0.0000000      2.2943521      10.018197      18.555421      17.831763      15.270929      15.191444      13.656381      13.805717      15.906144      15.661493
  1      0.0000000      0.0000000      17.997086      26.750307      23.023914      18.514104      17.766587      15.545263      15.445712      17.603680      17.181143
  2      0.0000000      0.0000000      0.0000000      35.412986      25.463017      18.634207      17.667570      15.022254      14.994687      17.526759      16.861366
  3      0.0000000      0.0000000      0.0000000      0.0000000      15.512855      10.244259      11.752392      9.9242340      10.910078      14.544229      14.319463
  4      0.0000000      0.0000000      0.0000000      0.0000000      0.0000000      4.9703964      9.8688831      8.0580037      9.7555567      14.346342      14.241131
  5      0.0000000      0.0000000      0.0000000      0.0000000      0.0000000      0.0000000      14.768850      9.6022232      11.350177      16.689368      16.185401
  6      0.0000000      0.0000000      0.0000000      0.0000000      0.0000000      0.0000000      0.0000000      4.4345202      9.6393892      17.327922      16.609714
  7      0.0000000      0.0000000      0.0000000      0.0000000      0.0000000      0.0000000      0.0000000      0.0000000      14.843549      23.773809      20.731351
  8      0.0000000      0.0000000      0.0000000      0.0000000      0.0000000      0.0000000      0.0000000      0.0000000      0.0000000      32.703792      23.743354
  9      0.0000000      0.0000000      0.0000000      0.0000000      0.0000000      0.0000000      0.0000000      0.0000000      0.0000000      0.0000000      14.890193
 10      0.0000000      0.0000000      0.0000000      0.0000000      0.0000000      0.0000000      0.0000000      0.0000000      0.0000000      0.0000000      0.0000000

average attenuation coeffficient: 
15.733526


attenuation coefficient (method 1): 
16.116882


attenuation coefficient (method 2): 
14.860753


