"F1_D16_15,02 mm_2,5 MHz_00009_results"
***** findmax *****
max #0 = 2.4170000e-06,0.028185248
max #1 = 7.0890000e-06,0.025732672
max #2 = 1.1762000e-05,0.023488138
max #3 = 1.6438500e-05,0.021644183
max #4 = 2.1114000e-05,0.019503024
max #5 = 2.5791000e-05,0.017482039
max #6 = 3.0467000e-05,0.015426164
max #7 = 3.5142500e-05,0.013556365
max #8 = 3.9815500e-05,0.011642632
max #9 = 4.4493000e-05,0.0098736238
max #10 = 4.9178000e-05,0.0087390810


velocity:
              0              1              2              3              4              5              6              7              8              9             10
  0      0.0000000      6397.7238      6402.7297      6404.2073      6405.9146      6406.8841      6407.9805      6409.0123      6410.3204      6410.7352      6410.1034
  1      0.0000000      0.0000000      6411.8388      6411.9469      6413.3169      6413.9001      6414.7475      6415.5615      6416.7192      6416.8768      6415.9003
  2      0.0000000      0.0000000      0.0000000      6412.8866      6414.9912      6415.5628      6416.4604      6417.2860      6418.4990      6418.5441      6417.3340
  3      0.0000000      0.0000000      0.0000000      0.0000000      6417.3459      6417.1896      6417.9605      6418.7044      6419.9441      6419.8096      6418.2893
  4      0.0000000      0.0000000      0.0000000      0.0000000      0.0000000      6417.1273      6418.3814      6419.2829      6420.7270      6420.4400      6418.5866
  5      0.0000000      0.0000000      0.0000000      0.0000000      0.0000000      0.0000000      6419.6797      6420.4158      6421.9898      6421.3359      6418.9492
  6      0.0000000      0.0000000      0.0000000      0.0000000      0.0000000      0.0000000      0.0000000      6421.1755      6423.1757      6421.9232      6418.8050
  7      0.0000000      0.0000000      0.0000000      0.0000000      0.0000000      0.0000000      0.0000000      0.0000000      6425.1912      6422.3154      6418.0369
  8      0.0000000      0.0000000      0.0000000      0.0000000      0.0000000      0.0000000      0.0000000      0.0000000      0.0000000      6419.4511      6414.4775
  9      0.0000000      0.0000000      0.0000000      0.0000000      0.0000000      0.0000000      0.0000000      0.0000000      0.0000000      0.0000000      6409.5176
 10      0.0000000      0.0000000      0.0000000      0.0000000      0.0000000      0.0000000      0.0000000      0.0000000      0.0000000      0.0000000      0.0000000

average velocity: 
6415.7857


attenuation:
              0              1              2              3              4              5              6              7              8              9             10
  0      0.0000000     -1.0443861      4.8332284      11.075536      9.6467945      7.5294418      6.7401883      6.5537314      7.5032833      8.8888918      8.9663745
  1      0.0000000      0.0000000      10.945606      17.185949      13.217445      9.6682613      8.2902835      7.8136896      8.7194397      10.126481      10.074740
  2      0.0000000      0.0000000      0.0000000      23.409466      14.314504      9.2086275      7.5943922      7.1572617      8.3184688      9.9837384      9.9470415
  3      0.0000000      0.0000000      0.0000000      0.0000000      5.2221581      2.1126400      2.3289623      3.1016260      5.3092892      7.7543439      8.0294160
  4      0.0000000      0.0000000      0.0000000      0.0000000      0.0000000    -0.99841955     0.88382004      2.3977633      5.3361550      8.2648364      8.4983719
  5      0.0000000      0.0000000      0.0000000      0.0000000      0.0000000      0.0000000      2.7695549      4.0996838      7.4526571      10.584393      10.399045
  6      0.0000000      0.0000000      0.0000000      0.0000000      0.0000000      0.0000000      0.0000000      5.4309172      9.7965022      13.190586      12.305866
  7      0.0000000      0.0000000      0.0000000      0.0000000      0.0000000      0.0000000      0.0000000      0.0000000      14.163892      17.070838      14.596371
  8      0.0000000      0.0000000      0.0000000      0.0000000      0.0000000      0.0000000      0.0000000      0.0000000      0.0000000      19.976163      14.809951
  9      0.0000000      0.0000000      0.0000000      0.0000000      0.0000000      0.0000000      0.0000000      0.0000000      0.0000000      0.0000000      9.6419369
 10      0.0000000      0.0000000      0.0000000      0.0000000      0.0000000      0.0000000      0.0000000      0.0000000      0.0000000      0.0000000      0.0000000

average attenuation coefficient: 
8.7490509


attenuation coefficient (method 1): 
9.2063479


attenuation coefficient (method 2): 
7.9832466


***** autocorrelation *****
max #0 = 0.0000000,0.028177495
max #1 = 4.6750000e-06,0.025713289
max #2 = 9.3505000e-06,0.023471339
max #3 = 1.4025500e-05,0.021593787
max #4 = 1.8702000e-05,0.019444875
max #5 = 2.3378000e-05,0.017379956
max #6 = 2.8053500e-05,0.015334419
max #7 = 3.2730000e-05,0.013481418
max #8 = 3.7406500e-05,0.011562516
max #9 = 4.2084500e-05,0.0098309815


velocity:
              0              1              2              3              4              5              6              7              8              9
  0      0.0000000      6393.6627      6398.9966      6402.3946      6404.2134      6405.7945      6407.1854      6408.1355      6408.9559      6409.4461
  1      0.0000000      0.0000000      6408.4278      6411.2640      6412.4057      6413.5582      6414.6107      6415.2193      6415.7412      6415.9354
  2      0.0000000      0.0000000      0.0000000      6414.9381      6415.3334      6416.2473      6417.1451      6417.5600      6417.9280      6417.9567
  3      0.0000000      0.0000000      0.0000000      0.0000000      6415.9764      6417.1896      6418.1888      6418.5331      6418.8473      6418.7813
  4      0.0000000      0.0000000      0.0000000      0.0000000      0.0000000      6418.4975      6419.4095      6419.5114      6419.6983      6419.4800
  5      0.0000000      0.0000000      0.0000000      0.0000000      0.0000000      0.0000000      6420.3653      6420.0729      6420.1606      6419.7927
  6      0.0000000      0.0000000      0.0000000      0.0000000      0.0000000      0.0000000      0.0000000      6419.8038      6420.0882      6419.6367
  7      0.0000000      0.0000000      0.0000000      0.0000000      0.0000000      0.0000000      0.0000000      0.0000000      6420.3865      6419.5714
  8      0.0000000      0.0000000      0.0000000      0.0000000      0.0000000      0.0000000      0.0000000      0.0000000      0.0000000      6418.7655
  9      0.0000000      0.0000000      0.0000000      0.0000000      0.0000000      0.0000000      0.0000000      0.0000000      0.0000000      0.0000000

average velocity: 
6414.7958


attenuation:
              0              1              2              3              4              5              6              7              8              9
  0      0.0000000    -0.86624958      4.8769598      11.276584      9.8502394      7.8576432      7.0182857      6.7753952      7.7487191      9.0241750
  1      0.0000000      0.0000000      10.864891      17.412352      13.435020      10.038436      8.5922026      8.0458241      8.9769467      10.258710
  2      0.0000000      0.0000000      0.0000000      23.844692      14.637905      9.6959674      7.9669967      7.4341293      8.6210178      10.136842
  3      0.0000000      0.0000000      0.0000000      0.0000000      5.4290403      2.6223031      2.6773449      3.3350377      5.5802142      7.8558287
  4      0.0000000      0.0000000      0.0000000      0.0000000      0.0000000    -0.17852497      1.3084743      2.6431866      5.6236836      8.3458729
  5      0.0000000      0.0000000      0.0000000      0.0000000      0.0000000      0.0000000      2.7979615      4.0557384      7.5592878      10.477959
  6      0.0000000      0.0000000      0.0000000      0.0000000      0.0000000      0.0000000      0.0000000      5.3129847      9.9396705      13.037432
  7      0.0000000      0.0000000      0.0000000      0.0000000      0.0000000      0.0000000      0.0000000      0.0000000      14.566590      16.899526
  8      0.0000000      0.0000000      0.0000000      0.0000000      0.0000000      0.0000000      0.0000000      0.0000000      0.0000000      19.231992
  9      0.0000000      0.0000000      0.0000000      0.0000000      0.0000000      0.0000000      0.0000000      0.0000000      0.0000000      0.0000000

average attenuation coeffficient: 
8.5032286


attenuation coefficient (method 1): 
8.4890637


attenuation coefficient (method 2): 
7.3976553


***** vawelet transform *****
max #0 = 2.4160000e-06,0.028177495
max #1 = 7.0865000e-06,0.025664186
max #2 = 1.1762500e-05,0.023451956
max #3 = 1.6435500e-05,0.021583450
max #4 = 2.1111000e-05,0.019472011
max #5 = 2.5786500e-05,0.017365741
max #6 = 3.0462000e-05,0.015417119
max #7 = 3.5138000e-05,0.013511139
max #8 = 3.9817000e-05,0.011607743
max #9 = 4.4496000e-05,0.0098038455
max #10 = 4.9175000e-05,0.0086990231


velocity:
              0              1              2              3              4              5              6              7              8              9             10
  0      0.0000000      6399.7562      6401.7111      6405.1141      6406.5954      6407.8379      6408.8894      6409.6943      6409.8939      6410.1285      6410.3764
  1      0.0000000      0.0000000      6407.7460      6412.2884      6413.5447      6414.5839      6415.4316      6416.0177      6415.9368      6415.9354      6415.9764
  2      0.0000000      0.0000000      0.0000000      6417.6754      6417.3869      6417.8450      6418.3439      6418.6562      6418.2706      6418.0546      6417.9335
  3      0.0000000      0.0000000      0.0000000      0.0000000      6417.3459      6418.2171      6418.8741      6419.2184      6418.7102      6418.4386      6418.2893
  4      0.0000000      0.0000000      0.0000000      0.0000000      0.0000000      6419.1829      6419.7523      6419.9685      6419.1842      6418.7945      6418.5866
  5      0.0000000      0.0000000      0.0000000      0.0000000      0.0000000      0.0000000      6420.3653      6420.4158      6419.2463      6418.7643      6418.5379
  6      0.0000000      0.0000000      0.0000000      0.0000000      0.0000000      0.0000000      0.0000000      6420.4896      6418.7169      6418.2656      6418.1196
  7      0.0000000      0.0000000      0.0000000      0.0000000      0.0000000      0.0000000      0.0000000      0.0000000      6416.9590      6417.1723      6417.3516
  8      0.0000000      0.0000000      0.0000000      0.0000000      0.0000000      0.0000000      0.0000000      0.0000000      0.0000000      6417.3947      6417.5599
  9      0.0000000      0.0000000      0.0000000      0.0000000      0.0000000      0.0000000      0.0000000      0.0000000      0.0000000      0.0000000      6417.7313
 10      0.0000000      0.0000000      0.0000000      0.0000000      0.0000000      0.0000000      0.0000000      0.0000000      0.0000000      0.0000000      0.0000000

average velocity: 
6415.6959


attenuation:
              0              1              2              3              4              5              6              7              8              9             10
  0      0.0000000    -0.37319062      5.0108789      11.318405      9.7389542      7.8947621      6.7507490      6.6772683      7.6036261      9.1102920      9.0902681
  1      0.0000000      0.0000000      10.537154      17.207737      13.113372      9.9554915      8.1673930      7.8445900      8.7360540      10.289526      10.136497
  2      0.0000000      0.0000000      0.0000000      23.701629      14.287720      9.6761758      7.5064508      7.2495876      8.3905123      10.216244      10.053839
  3      0.0000000      0.0000000      0.0000000      0.0000000      4.8698394      2.6610234      2.1071910      3.1365515      5.3275699      7.9677051      8.1031224
  4      0.0000000      0.0000000      0.0000000      0.0000000      0.0000000     0.45625475     0.73047824      2.5631286      5.4444124      8.5888051      8.6430824
  5      0.0000000      0.0000000      0.0000000      0.0000000      0.0000000      0.0000000      1.0061826      3.6178351      7.1069454      10.621308      10.279683
  6      0.0000000      0.0000000      0.0000000      0.0000000      0.0000000      0.0000000      0.0000000      6.2295020      10.156110      13.825006      12.596781
  7      0.0000000      0.0000000      0.0000000      0.0000000      0.0000000      0.0000000      0.0000000      0.0000000      14.081069      17.621397      14.718063
  8      0.0000000      0.0000000      0.0000000      0.0000000      0.0000000      0.0000000      0.0000000      0.0000000      0.0000000      21.161833      15.036691
  9      0.0000000      0.0000000      0.0000000      0.0000000      0.0000000      0.0000000      0.0000000      0.0000000      0.0000000      0.0000000      8.9116022
 10      0.0000000      0.0000000      0.0000000      0.0000000      0.0000000      0.0000000      0.0000000      0.0000000      0.0000000      0.0000000      0.0000000

average attenuation coeffficient: 
8.8629302


attenuation coefficient (method 1): 
9.3220012


attenuation coefficient (method 2): 
8.0931608


