"F1_D16_15,02 mm_10 MHz_00002.trc_results"
***** findmax *****
max #0 = 1.6966500e-05,0.0054188200
max #1 = 2.1650500e-05,0.0048295800
max #2 = 2.6331999e-05,0.0045866400
max #3 = 3.1018500e-05,0.0039159900
max #4 = 3.5703000e-05,0.0034805200
max #5 = 4.0384000e-05,0.0032259600
max #6 = 4.5065999e-05,0.0029307000
max #7 = 4.9750498e-05,0.0026444800
max #8 = 5.4434000e-05,0.0024512900
max #9 = 5.9120499e-05,0.0024293200
max #10 = 6.3802999e-05,0.0023285300


velocity:
              0              1              2              3              4              5              6              7              8              9             10
  0      0.0000000      6416.8734      6418.6938      6417.0338      6416.8935      6417.7688      6418.1240      6417.8872      6417.8795      6417.4160      6417.5917
  1      0.0000000      0.0000000      6420.5305      6417.1119      6416.8794      6417.9532      6418.3161      6417.9798      6417.9289      6417.3719      6417.5424
  2      0.0000000      0.0000000      0.0000000      6413.6693      6415.0121      6417.0354      6417.6881      6417.3803      6417.3914      6416.8027      6417.0372
  3      0.0000000      0.0000000      0.0000000      0.0000000      6416.3251      6418.6749      6418.9699      6418.2364      6418.0511      6417.2279      6417.4097
  4      0.0000000      0.0000000      0.0000000      0.0000000      0.0000000      6420.9979      6420.2516      6418.8200      6418.4176      6417.3326      6417.5045
  5      0.0000000      0.0000000      0.0000000      0.0000000      0.0000000      0.0000000      6419.4800      6417.6948      6417.5107      6416.3601      6416.7406
  6      0.0000000      0.0000000      0.0000000      0.0000000      0.0000000      0.0000000      0.0000000      6415.8885      6416.4947      6415.2803      6416.0076
  7      0.0000000      0.0000000      0.0000000      0.0000000      0.0000000      0.0000000      0.0000000      0.0000000      6417.0821      6414.9492      6416.0130
  8      0.0000000      0.0000000      0.0000000      0.0000000      0.0000000      0.0000000      0.0000000      0.0000000      0.0000000      6412.8018      6415.4559
  9      0.0000000      0.0000000      0.0000000      0.0000000      0.0000000      0.0000000      0.0000000      0.0000000      0.0000000      0.0000000      6418.0991
 10      0.0000000      0.0000000      0.0000000      0.0000000      0.0000000      0.0000000      0.0000000      0.0000000      0.0000000      0.0000000      0.0000000

average velocity: 
6417.3431


attenuation:
              0              1              2              3              4              5              6              7              8              9             10
  0      0.0000000      21.624984      14.171966      22.882111      24.316096      22.975002      22.665016      22.847107      23.035437      20.487014      18.840232
  1      0.0000000      0.0000000      6.7230463      23.510883      25.213175      23.313659      22.873672      23.051503      23.237498      20.345034      18.531159
  2      0.0000000      0.0000000      0.0000000      40.296781      34.458029      28.840036      26.911416      26.315594      25.988594      22.290625      20.007233
  3      0.0000000      0.0000000      0.0000000      0.0000000      28.618149      23.120804      22.448771      22.822826      23.128716      19.289881      17.108664
  4      0.0000000      0.0000000      0.0000000      0.0000000      0.0000000      17.653205      19.364401      20.894039      21.758022      17.424516      15.190603
  5      0.0000000      0.0000000      0.0000000      0.0000000      0.0000000      0.0000000      21.094738      22.527244      23.136086      17.380310      14.708592
  6      0.0000000      0.0000000      0.0000000      0.0000000      0.0000000      0.0000000      0.0000000      23.911417      24.136130      16.126558      13.103120
  7      0.0000000      0.0000000      0.0000000      0.0000000      0.0000000      0.0000000      0.0000000      0.0000000      24.353338      12.239712      9.4998116
  8      0.0000000      0.0000000      0.0000000      0.0000000      0.0000000      0.0000000      0.0000000      0.0000000      0.0000000     0.15006736      2.0781031
  9      0.0000000      0.0000000      0.0000000      0.0000000      0.0000000      0.0000000      0.0000000      0.0000000      0.0000000      0.0000000      4.0171982
 10      0.0000000      0.0000000      0.0000000      0.0000000      0.0000000      0.0000000      0.0000000      0.0000000      0.0000000      0.0000000      0.0000000

average attenuation coefficient: 
20.418871


attenuation coefficient (method 1): 
20.186799


attenuation coefficient (method 2): 
20.908842


***** autocorrelation *****
max #0 = 0.0000000,0.0017237900
max #1 = 4.6834998e-06,0.0014957100
max #2 = 9.3669996e-06,0.0013413000
max #3 = 1.4050500e-05,0.0011190400
max #4 = 1.8733999e-05,0.0011067600
max #5 = 2.3417499e-05,0.00090970500
max #6 = 2.8101000e-05,0.00063575900
max #7 = 3.2784999e-05,0.00063511300
max #8 = 3.7468999e-05,0.00056339700
max #9 = 4.2152500e-05,0.00062736000


velocity:
              0              1              2              3              4              5              6              7              8              9
  0      0.0000000      6417.5582      6417.6661      6417.7189      6417.7499      6417.7692      6417.7812      6417.6913      6417.6227      6417.6441
  1      0.0000000      0.0000000      6417.7893      6417.7971      6417.7930      6417.7825      6417.7678      6417.6371      6417.5376      6417.5429
  2      0.0000000      0.0000000      0.0000000      6417.7772      6417.7515      6417.7211      6417.6878      6417.5171      6417.3916      6417.3894
  3      0.0000000      0.0000000      0.0000000      0.0000000      6417.6955      6417.6481      6417.5991      6417.3798      6417.2293      6417.2275
  4      0.0000000      0.0000000      0.0000000      0.0000000      0.0000000      6417.5723      6417.5094      6417.2208      6417.0476      6417.0580
  5      0.0000000      0.0000000      0.0000000      0.0000000      0.0000000      0.0000000      6417.4210      6417.0084      6416.8255      6416.8726
  6      0.0000000      0.0000000      0.0000000      0.0000000      0.0000000      0.0000000      0.0000000      6416.5736      6416.4960      6416.6493
  7      0.0000000      0.0000000      0.0000000      0.0000000      0.0000000      0.0000000      0.0000000      0.0000000      6416.3995      6416.6601
  8      0.0000000      0.0000000      0.0000000      0.0000000      0.0000000      0.0000000      0.0000000      0.0000000      0.0000000      6416.9048
  9      0.0000000      0.0000000      0.0000000      0.0000000      0.0000000      0.0000000      0.0000000      0.0000000      0.0000000      0.0000000

average velocity: 
6417.4018


attenuation:
              0              1              2              3              4              5              6              7              8              9
  0      0.0000000      29.373235      26.341043      33.217148      24.342871      29.944114      41.114161      34.457159      34.782983      27.185123
  1      0.0000000      0.0000000      23.309076      35.139309      22.666258      30.087047      43.462524      35.304502      35.555753      26.911695
  2      0.0000000      0.0000000      0.0000000      46.969569      22.344902      32.346188      48.500983      37.703362      37.596609      27.426359
  3      0.0000000      0.0000000      0.0000000      0.0000000     -2.2796972      25.034125      49.011561      35.386464      35.721660      24.169146
  4      0.0000000      0.0000000      0.0000000      0.0000000      0.0000000      52.347022      74.657239      47.941148      45.221330      29.458764
  5      0.0000000      0.0000000      0.0000000      0.0000000      0.0000000      0.0000000      96.969398      45.740294      42.848096      23.738655
  6      0.0000000      0.0000000      0.0000000      0.0000000      0.0000000      0.0000000      0.0000000     -5.5002128      15.781051    -0.67437006
  7      0.0000000      0.0000000      0.0000000      0.0000000      0.0000000      0.0000000      0.0000000      0.0000000      37.063261      1.7380077
  8      0.0000000      0.0000000      0.0000000      0.0000000      0.0000000      0.0000000      0.0000000      0.0000000      0.0000000     -33.589987
  9      0.0000000      0.0000000      0.0000000      0.0000000      0.0000000      0.0000000      0.0000000      0.0000000      0.0000000      0.0000000

average attenuation coeffficient: 
31.708110


attenuation coefficient (method 1): 
32.476010


attenuation coefficient (method 2): 
32.613887


***** vawelet transform *****
max #0 = 1.6682250e-05,0.0017237900
max #1 = 2.1366250e-05,0.0014188300
max #2 = 2.6048750e-05,0.0014168900
max #3 = 3.0732250e-05,0.0011946300
max #4 = 3.5415750e-05,0.0011726700
max #5 = 4.0099249e-05,0.00095880800
max #6 = 4.4781999e-05,0.00081279000
max #7 = 4.9466001e-05,0.00070101500
max #8 = 5.4150248e-05,0.00066095700
max #9 = 5.8836747e-05,0.00048909500
max #10 = 6.3519498e-05,0.00057954900


velocity:
              0              1              2              3              4              5              6              7              8              9             10
  0      0.0000000      6416.8732      6418.0086      6417.9474      6417.9208      6417.9062      6418.0668      6417.9357      6417.7941      6417.3401      6417.4892
  1      0.0000000      0.0000000      6419.1596      6418.4825      6418.2493      6418.1251      6418.2475      6418.0365      6417.8314      6417.2866      6417.4285
  2      0.0000000      0.0000000      0.0000000      6417.7779      6417.7509      6417.7211      6417.9450      6417.7223      6417.5059      6416.9009      6417.0803
  3      0.0000000      0.0000000      0.0000000      0.0000000      6417.6936      6417.6479      6417.9417      6417.6360      6417.3664      6416.6575      6416.8718
  4      0.0000000      0.0000000      0.0000000      0.0000000      0.0000000      6417.5738      6418.0244      6417.5632      6417.2194      6416.3744      6416.6489
  5      0.0000000      0.0000000      0.0000000      0.0000000      0.0000000      0.0000000      6418.4495      6417.5211      6417.0541      6416.0178      6416.3982
  6      0.0000000      0.0000000      0.0000000      0.0000000      0.0000000      0.0000000      0.0000000      6416.5707      6416.3249      6415.1671      6415.8371
  7      0.0000000      0.0000000      0.0000000      0.0000000      0.0000000      0.0000000      0.0000000      0.0000000      6416.0601      6414.4385      6415.5583
  8      0.0000000      0.0000000      0.0000000      0.0000000      0.0000000      0.0000000      0.0000000      0.0000000      0.0000000      6412.8018      6415.2848
  9      0.0000000      0.0000000      0.0000000      0.0000000      0.0000000      0.0000000      0.0000000      0.0000000      0.0000000      0.0000000      6417.7566
 10      0.0000000      0.0000000      0.0000000      0.0000000      0.0000000      0.0000000      0.0000000      0.0000000      0.0000000      0.0000000      0.0000000

average velocity: 
6417.2180


attenuation:
              0              1              2              3              4              5              6              7              8              9             10
  0      0.0000000      44.633397      18.414034      26.916710      20.161073      26.904131      29.275481      30.379237      29.010861      35.183860      25.935666
  1      0.0000000      0.0000000     -7.8027580      18.059728      12.004483      22.473155      26.204523      28.004290      26.779582      34.002905      23.858457
  2      0.0000000      0.0000000      0.0000000      43.921902      21.908102      32.563486      34.706436      35.164917      32.542565      39.974916      27.816204
  3      0.0000000      0.0000000      0.0000000      0.0000000    -0.10562896      26.883904      31.634664      32.975476      30.266400      39.317029      25.515547
  4      0.0000000      0.0000000      0.0000000      0.0000000      0.0000000      53.872534      47.504892      44.002234      37.858886      47.201227      29.785762
  5      0.0000000      0.0000000      0.0000000      0.0000000      0.0000000      0.0000000      41.126254      39.067166      32.522355      45.537750      24.971361
  6      0.0000000      0.0000000      0.0000000      0.0000000      0.0000000      0.0000000      0.0000000      36.982790      28.205714      46.996064      20.925952
  7      0.0000000      0.0000000      0.0000000      0.0000000      0.0000000      0.0000000      0.0000000      0.0000000      19.431664      52.015406      15.578364
  8      0.0000000      0.0000000      0.0000000      0.0000000      0.0000000      0.0000000      0.0000000      0.0000000      0.0000000      84.617454      13.654194
  9      0.0000000      0.0000000      0.0000000      0.0000000      0.0000000      0.0000000      0.0000000      0.0000000      0.0000000      0.0000000     -57.298722
 10      0.0000000      0.0000000      0.0000000      0.0000000      0.0000000      0.0000000      0.0000000      0.0000000      0.0000000      0.0000000      0.0000000

average attenuation coeffficient: 
29.637164


attenuation coefficient (method 1): 
29.702796


attenuation coefficient (method 2): 
29.154125


