"F1_D16_15,02 mm_2,5 MHz_00001_results"
***** findmax *****
max #0 = 1.8443000e-05,0.020719055
max #1 = 2.3121000e-05,0.018757503
max #2 = 2.7793500e-05,0.016772691
max #3 = 3.2470500e-05,0.014676751
max #4 = 3.7153500e-05,0.012898690
max #5 = 4.1829500e-05,0.011298953
max #6 = 4.6504500e-05,0.0095648274
max #7 = 5.1184500e-05,0.0085775904
max #8 = 5.5864500e-05,0.0071742666
max #9 = 6.0556500e-05,0.0059776941
max #10 = 6.5232000e-05,0.0053651936


velocity:
              0              1              2              3              4              5              6              7              8              9             10
  0      0.0000000      6389.6067      6398.9966      6401.4887      6401.3234      6403.4802      6405.3688      6405.8962      6406.3990      6405.0518      6406.2832
  1      0.0000000      0.0000000      6412.5215      6411.9469      6409.9012      6411.6786      6413.2429      6413.2812      6413.3955      6411.4890      6412.5553
  2      0.0000000      0.0000000      0.0000000      6412.2031      6409.5222      6412.3703      6414.4069      6414.4106      6414.5042      6412.2847      6413.4829
  3      0.0000000      0.0000000      0.0000000      0.0000000      6407.0890      6412.7406      6415.4492      6415.2795      6415.2851      6412.6185      6413.9844
  4      0.0000000      0.0000000      0.0000000      0.0000000      0.0000000      6418.4975      6419.7523      6418.1405      6417.4708      6413.8629      6415.2753
  5      0.0000000      0.0000000      0.0000000      0.0000000      0.0000000      0.0000000      6421.0512      6418.0164      6417.1903      6412.7718      6414.7016
  6      0.0000000      0.0000000      0.0000000      0.0000000      0.0000000      0.0000000      0.0000000      6415.0074      6415.2913      6410.0511      6413.1543
  7      0.0000000      0.0000000      0.0000000      0.0000000      0.0000000      0.0000000      0.0000000      0.0000000      6415.5891      6407.5939      6412.5584
  8      0.0000000      0.0000000      0.0000000      0.0000000      0.0000000      0.0000000      0.0000000      0.0000000      0.0000000      6399.6273      6411.0561
  9      0.0000000      0.0000000      0.0000000      0.0000000      0.0000000      0.0000000      0.0000000      0.0000000      0.0000000      0.0000000      6422.5324
 10      0.0000000      0.0000000      0.0000000      0.0000000      0.0000000      0.0000000      0.0000000      0.0000000      0.0000000      0.0000000      0.0000000

average velocity: 
6411.6133


attenuation:
              0              1              2              3              4              5              6              7              8              9             10
  0      0.0000000      1.4708131      9.0056821      18.860468      17.307581      14.990126      14.956365      12.762289      13.896640      15.146745      14.188579
  1      0.0000000      0.0000000      16.908952      27.639148      22.602078      18.372496      17.653196      14.642943      15.670717      16.854314      15.601072
  2      0.0000000      0.0000000      0.0000000      38.377108      25.480797      18.857848      17.823884      14.176927      15.453072      16.844267      15.432025
  3      0.0000000      0.0000000      0.0000000      0.0000000      12.574033      9.0957813      10.975699      8.1295141      10.870847      13.253965      12.154733
  4      0.0000000      0.0000000      0.0000000      0.0000000      0.0000000      5.6476535      10.204808      6.6690936      10.462304      13.399689      12.095533
  5      0.0000000      0.0000000      0.0000000      0.0000000      0.0000000      0.0000000      14.765457      7.1789506      12.065527      15.332038      13.381686
  6      0.0000000      0.0000000      0.0000000      0.0000000      0.0000000      0.0000000      0.0000000    -0.41244273      10.711538      15.514235      13.031471
  7      0.0000000      0.0000000      0.0000000      0.0000000      0.0000000      0.0000000      0.0000000      0.0000000      21.835753      23.474572      17.511871
  8      0.0000000      0.0000000      0.0000000      0.0000000      0.0000000      0.0000000      0.0000000      0.0000000      0.0000000      25.108892      15.348791
  9      0.0000000      0.0000000      0.0000000      0.0000000      0.0000000      0.0000000      0.0000000      0.0000000      0.0000000      0.0000000      5.5928594
 10      0.0000000      0.0000000      0.0000000      0.0000000      0.0000000      0.0000000      0.0000000      0.0000000      0.0000000      0.0000000      0.0000000

average attenuation coefficient: 
14.671836


attenuation coefficient (method 1): 
15.245515


attenuation coefficient (method 2): 
14.324532


***** autocorrelation *****
max #0 = 0.0000000,0.020669951
max #1 = 4.6770000e-06,0.018677387
max #2 = 9.3530000e-06,0.016664147
max #3 = 1.4031000e-05,0.014599219
max #4 = 1.8709500e-05,0.012795315
max #5 = 2.3386500e-05,0.011154227
max #6 = 2.8065500e-05,0.0094717894
max #7 = 3.2744000e-05,0.0084173582
max #8 = 3.7424000e-05,0.0070760598
max #9 = 4.2106000e-05,0.0059130843


velocity:
              0              1              2              3              4              5              6              7              8              9
  0      0.0000000      6390.9581      6397.3011      6399.9039      6401.6633      6403.4802      6404.4609      6405.4095      6405.9730      6406.1877
  1      0.0000000      0.0000000      6407.7460      6408.8750      6409.9012      6411.3369      6411.8757      6412.4834      6412.7116      6412.6000
  2      0.0000000      0.0000000      0.0000000      6410.8365      6411.9138      6413.5101      6413.8937      6414.4106      6414.5042      6414.2395
  3      0.0000000      0.0000000      0.0000000      0.0000000      6413.2392      6415.1354      6415.2210      6415.6218      6415.5590      6415.1278
  4      0.0000000      0.0000000      0.0000000      0.0000000      0.0000000      6417.1273      6416.3261      6416.5419      6416.2720      6415.6429
  5      0.0000000      0.0000000      0.0000000      0.0000000      0.0000000      0.0000000      6415.5685      6416.3036      6416.0486      6415.3386
  6      0.0000000      0.0000000      0.0000000      0.0000000      0.0000000      0.0000000      0.0000000      6417.0621      6416.3186      6415.2968
  7      0.0000000      0.0000000      0.0000000      0.0000000      0.0000000      0.0000000      0.0000000      0.0000000      6415.5891      6414.4327
  8      0.0000000      0.0000000      0.0000000      0.0000000      0.0000000      0.0000000      0.0000000      0.0000000      0.0000000      6413.2858
  9      0.0000000      0.0000000      0.0000000      0.0000000      0.0000000      0.0000000      0.0000000      0.0000000      0.0000000      0.0000000

average velocity: 
6411.6274


attenuation:
              0              1              2              3              4              5              6              7              8              9
  0      0.0000000      2.0089908      9.5922690      19.144817      17.716220      15.598412      15.317522      13.445433      14.310868      15.415166
  1      0.0000000      0.0000000      17.451006      27.778569      22.965087      18.996276      17.976323      15.348402      16.065640      17.088806
  2      0.0000000      0.0000000      0.0000000      38.052583      25.671564      19.461018      18.066294      14.891952      15.804421      17.012063
  3      0.0000000      0.0000000      0.0000000      0.0000000      13.290312      10.169637      11.409171      9.1073941      11.360016      13.509592
  4      0.0000000      0.0000000      0.0000000      0.0000000      0.0000000      7.0585931      10.474785      7.7187824      10.881927      13.556447
  5      0.0000000      0.0000000      0.0000000      0.0000000      0.0000000      0.0000000      13.888430      8.0475871      12.154956      15.178979
  6      0.0000000      0.0000000      0.0000000      0.0000000      0.0000000      0.0000000      0.0000000      2.2078488      11.288641      15.608908
  7      0.0000000      0.0000000      0.0000000      0.0000000      0.0000000      0.0000000      0.0000000      0.0000000      20.368724      22.308350
  8      0.0000000      0.0000000      0.0000000      0.0000000      0.0000000      0.0000000      0.0000000      0.0000000      0.0000000      24.247315
  9      0.0000000      0.0000000      0.0000000      0.0000000      0.0000000      0.0000000      0.0000000      0.0000000      0.0000000      0.0000000

average attenuation coeffficient: 
15.311469


attenuation coefficient (method 1): 
15.389609


attenuation coefficient (method 2): 
14.432291


***** vawelet transform *****
max #0 = 1.8446500e-05,0.020669951
max #1 = 2.3121500e-05,0.018713568
max #2 = 2.7796500e-05,0.016731341
max #3 = 3.2471500e-05,0.014632816
max #4 = 3.7147000e-05,0.012878015
max #5 = 4.1825000e-05,0.011224006
max #6 = 4.6504000e-05,0.0095648274
max #7 = 5.1183000e-05,0.0085517465
max #8 = 5.5864000e-05,0.0071742666
max #9 = 6.0548000e-05,0.0059440970
max #10 = 6.4834500e-05,0.0050343917


velocity:
              0              1              2              3              4              5              6              7              8              9             10
  0      0.0000000      6393.6627      6399.3358      6402.6212      6404.7237      6405.6583      6406.2770      6406.8696      6407.0806      6406.8694      6461.4311
  1      0.0000000      0.0000000      6409.1097      6411.6054      6413.0891      6413.3873      6413.5164      6413.7371      6413.5909      6413.0274      6473.6147
  2      0.0000000      0.0000000      0.0000000      6414.9381      6416.0177      6415.7909      6415.6046      6415.6426      6415.3028      6414.5328      6482.7310
  3      0.0000000      0.0000000      0.0000000      0.0000000      6417.3459      6416.5047      6416.1339      6416.1354      6415.6959      6414.7855      6492.8680
  4      0.0000000      0.0000000      0.0000000      0.0000000      0.0000000      6415.7576      6415.6413      6415.8571      6415.4159      6414.4105      6505.7778
  5      0.0000000      0.0000000      0.0000000      0.0000000      0.0000000      0.0000000      6415.5685      6415.9611      6415.3637      6414.1405      6524.1635
  6      0.0000000      0.0000000      0.0000000      0.0000000      0.0000000      0.0000000      0.0000000      6416.3771      6415.2913      6413.6994      6551.9334
  7      0.0000000      0.0000000      0.0000000      0.0000000      0.0000000      0.0000000      0.0000000      0.0000000      6414.2197      6412.3795      6598.4280
  8      0.0000000      0.0000000      0.0000000      0.0000000      0.0000000      0.0000000      0.0000000      0.0000000      0.0000000      6410.5494      6694.5756
  9      0.0000000      0.0000000      0.0000000      0.0000000      0.0000000      0.0000000      0.0000000      0.0000000      0.0000000      0.0000000      7004.9485
 10      0.0000000      0.0000000      0.0000000      0.0000000      0.0000000      0.0000000      0.0000000      0.0000000      0.0000000      0.0000000      0.0000000

average velocity: 
6442.7218


attenuation:
              0              1              2              3              4              5              6              7              8              9             10
  0      0.0000000      1.4227631      9.0213021      18.918913      17.237023      15.226879      14.837566      12.784436      13.807970      15.244419      15.762943
  1      0.0000000      0.0000000      16.874885      27.732717      22.522251      18.677529      17.516509      14.673639      15.573171      16.968309      17.390890
  2      0.0000000      0.0000000      0.0000000      38.487692      25.263721      19.220636      17.633435      14.198094      15.328146      16.960273      17.236578
  3      0.0000000      0.0000000      0.0000000      0.0000000      12.039564      9.5865537      10.681139      8.1250615      10.695068      13.370027      14.308526
  4      0.0000000      0.0000000      0.0000000      0.0000000      0.0000000      7.1282777      9.9970720      6.8164185      10.354821      13.630905      14.806621
  5      0.0000000      0.0000000      0.0000000      0.0000000      0.0000000      0.0000000      12.865333      6.6604783      11.429657      15.254791      16.431946
  6      0.0000000      0.0000000      0.0000000      0.0000000      0.0000000      0.0000000      0.0000000     0.45618341      10.711538      16.050068      17.394325
  7      0.0000000      0.0000000      0.0000000      0.0000000      0.0000000      0.0000000      0.0000000      0.0000000      20.965870      23.845376      23.103111
  8      0.0000000      0.0000000      0.0000000      0.0000000      0.0000000      0.0000000      0.0000000      0.0000000      0.0000000      26.723835      24.239562
  9      0.0000000      0.0000000      0.0000000      0.0000000      0.0000000      0.0000000      0.0000000      0.0000000      0.0000000      0.0000000      21.863335
 10      0.0000000      0.0000000      0.0000000      0.0000000      0.0000000      0.0000000      0.0000000      0.0000000      0.0000000      0.0000000      0.0000000

average attenuation coeffficient: 
15.564694


attenuation coefficient (method 1): 
15.901919


attenuation coefficient (method 2): 
14.600612


