"F1_D16_15,02 mm_10 MHz_00000.trc_results"
***** findmax *****
max #0 = 1.6966500e-05,0.0052631100
max #1 = 2.1648500e-05,0.0046092600
max #2 = 2.6330500e-05,0.0041317900
max #3 = 3.1015499e-05,0.0039625100
max #4 = 3.5698500e-05,0.0036323600
max #5 = 4.0381999e-05,0.0033047900
max #6 = 4.5062999e-05,0.0030437600
max #7 = 4.9749000e-05,0.0025385200
max #8 = 5.4431500e-05,0.0024467700
max #9 = 5.9116500e-05,0.0023459800
max #10 = 6.3797997e-05,0.0020248700


velocity:
              0              1              2              3              4              5              6              7              8              9             10
  0      0.0000000      6418.1541      6418.4347      6417.2052      6417.2879      6417.2048      6417.7204      6417.1093      6417.2484      6416.9745      6417.2332
  1      0.0000000      0.0000000      6418.7726      6416.7540      6416.9862      6416.9186      6417.5499      6416.8179      6416.9698      6416.6471      6416.9216
  2      0.0000000      0.0000000      0.0000000      6414.6893      6416.0191      6416.2009      6417.1203      6416.2808      6416.5024      6416.1575      6416.4866
  3      0.0000000      0.0000000      0.0000000      0.0000000      6417.3004      6416.8863      6417.8410      6416.5715      6416.7425      6416.2660      6416.5951
  4      0.0000000      0.0000000      0.0000000      0.0000000      0.0000000      6416.4315      6418.0542      6416.2573      6416.5196      6415.9653      6416.3747
  5      0.0000000      0.0000000      0.0000000      0.0000000      0.0000000      0.0000000      6419.6462      6416.1266      6416.4953      6415.7867      6416.2942
  6      0.0000000      0.0000000      0.0000000      0.0000000      0.0000000      0.0000000      0.0000000      6412.5873      6414.8888      6414.4618      6415.4115
  7      0.0000000      0.0000000      0.0000000      0.0000000      0.0000000      0.0000000      0.0000000      0.0000000      6417.1751      6415.3763      6416.3252
  8      0.0000000      0.0000000      0.0000000      0.0000000      0.0000000      0.0000000      0.0000000      0.0000000      0.0000000      6413.5662      6415.8836
  9      0.0000000      0.0000000      0.0000000      0.0000000      0.0000000      0.0000000      0.0000000      0.0000000      0.0000000      0.0000000      6418.1940
 10      0.0000000      0.0000000      0.0000000      0.0000000      0.0000000      0.0000000      0.0000000      0.0000000      0.0000000      0.0000000      0.0000000

average velocity: 
6416.6253


attenuation:
              0              1              2              3              4              5              6              7              8              9             10
  0      0.0000000      23.975413      22.968118      17.269370      16.130872      18.811152      17.972878      21.009025      19.163674      18.674106      21.483869
  1      0.0000000      0.0000000      21.964978      13.913066      13.514586      17.518868      16.772347      20.514214      18.475547      18.010386      21.206214
  2      0.0000000      0.0000000      0.0000000      5.8845712      9.3002514      16.043570      15.478947      20.229169      17.896971      17.448028      21.113332
  3      0.0000000      0.0000000      0.0000000      0.0000000      12.715031      21.124102      18.675126      23.815362      20.300230      19.375906      23.289516
  4      0.0000000      0.0000000      0.0000000      0.0000000      0.0000000      29.531418      21.654629      27.515626      22.195962      20.706935      25.051256
  5      0.0000000      0.0000000      0.0000000      0.0000000      0.0000000      0.0000000      13.754225      26.508454      19.750761      18.500610      24.155113
  6      0.0000000      0.0000000      0.0000000      0.0000000      0.0000000      0.0000000      0.0000000      39.199959      22.715239      20.055730      26.739173
  7      0.0000000      0.0000000      0.0000000      0.0000000      0.0000000      0.0000000      0.0000000      0.0000000      6.2464342      10.487617      22.586926
  8      0.0000000      0.0000000      0.0000000      0.0000000      0.0000000      0.0000000      0.0000000      0.0000000      0.0000000      14.737766      30.760553
  9      0.0000000      0.0000000      0.0000000      0.0000000      0.0000000      0.0000000      0.0000000      0.0000000      0.0000000      0.0000000      46.769212
 10      0.0000000      0.0000000      0.0000000      0.0000000      0.0000000      0.0000000      0.0000000      0.0000000      0.0000000      0.0000000      0.0000000

average attenuation coefficient: 
20.212044


attenuation coefficient (method 1): 
20.446651


attenuation coefficient (method 2): 
20.437643


***** autocorrelation *****
max #0 = 0.0000000,0.0051758800
max #1 = 4.6834998e-06,0.0045356000
max #2 = 9.3669996e-06,0.0039819000
max #3 = 1.4050500e-05,0.0038901500
max #4 = 1.8733499e-05,0.0035270400
max #5 = 2.3417000e-05,0.0031452000
max #6 = 2.8101000e-05,0.0029978900
max #7 = 3.2783999e-05,0.0024661500
max #8 = 3.7467500e-05,0.0023278900
max #9 = 4.2151500e-05,0.0022510000
max #10 = 4.6834499e-05,0.0019415200


velocity:
              0              1              2              3              4              5              6              7              8              9             10
  0      0.0000000      6416.1000      6416.3804      6416.5201      6416.7746      6416.7937      6416.6931      6416.8160      6416.8205      6416.7464      6416.8221
  1      0.0000000      0.0000000      6416.7182      6416.7534      6416.9866      6416.9183      6416.7280      6416.8181      6416.7742      6416.6472      6416.6931
  2      0.0000000      0.0000000      0.0000000      6416.7412      6417.0466      6416.8851      6416.6065      6416.6918      6416.6165      6416.4510      6416.4863
  3      0.0000000      0.0000000      0.0000000      0.0000000      6417.3028      6416.8863      6416.4716      6416.5721      6416.4690      6416.2664      6416.3015
  4      0.0000000      0.0000000      0.0000000      0.0000000      0.0000000      6416.4291      6415.9989      6416.2573      6416.1771      6415.9653      6416.0318
  5      0.0000000      0.0000000      0.0000000      0.0000000      0.0000000      0.0000000      6415.5372      6416.1278      6416.0395      6415.7872      6415.8832
  6      0.0000000      0.0000000      0.0000000      0.0000000      0.0000000      0.0000000      0.0000000      6416.6951      6416.2585      6415.8313      6415.9246
  7      0.0000000      0.0000000      0.0000000      0.0000000      0.0000000      0.0000000      0.0000000      0.0000000      6415.8049      6415.3762      6415.6394
  8      0.0000000      0.0000000      0.0000000      0.0000000      0.0000000      0.0000000      0.0000000      0.0000000      0.0000000      6414.9353      6415.5399
  9      0.0000000      0.0000000      0.0000000      0.0000000      0.0000000      0.0000000      0.0000000      0.0000000      0.0000000      0.0000000      6416.1359
 10      0.0000000      0.0000000      0.0000000      0.0000000      0.0000000      0.0000000      0.0000000      0.0000000      0.0000000      0.0000000      0.0000000

average velocity: 
6416.3941


attenuation:
              0              1              2              3              4              5              6              7              8              9             10
  0      0.0000000      23.808244      25.888017      17.434017      17.049582      20.706772      17.901242      21.513698      20.359585      19.464696      22.215625
  1      0.0000000      0.0000000      27.971930      14.248471      14.797773      19.932173      16.720194      21.131684      19.867227      18.921867      22.038753
  2      0.0000000      0.0000000      0.0000000     0.52470771      8.2092808      17.251670      13.907771      19.763784      18.516414      17.628988      21.297036
  3      0.0000000      0.0000000      0.0000000      0.0000000      15.893769      25.615306      18.369386      24.573861      22.114703      20.479411      24.264273
  4      0.0000000      0.0000000      0.0000000      0.0000000      0.0000000      35.335078      19.608920      27.467379      23.669116      21.395392      25.658463
  5      0.0000000      0.0000000      0.0000000      0.0000000      0.0000000      0.0000000      3.8895945      23.534247      19.780488      17.910266      23.723006
  6      0.0000000      0.0000000      0.0000000      0.0000000      0.0000000      0.0000000      0.0000000      43.189350      27.731046      22.585278      28.682763
  7      0.0000000      0.0000000      0.0000000      0.0000000      0.0000000      0.0000000      0.0000000      0.0000000      12.269521      12.281128      23.846670
  8      0.0000000      0.0000000      0.0000000      0.0000000      0.0000000      0.0000000      0.0000000      0.0000000      0.0000000      12.294817      29.635860
  9      0.0000000      0.0000000      0.0000000      0.0000000      0.0000000      0.0000000      0.0000000      0.0000000      0.0000000      0.0000000      46.973226
 10      0.0000000      0.0000000      0.0000000      0.0000000      0.0000000      0.0000000      0.0000000      0.0000000      0.0000000      0.0000000      0.0000000

average attenuation coeffficient: 
20.942609


attenuation coefficient (method 1): 
21.163349


attenuation coefficient (method 2): 
21.175966


***** vawelet transform *****
max #0 = 1.6864500e-05,0.0051758800
max #1 = 2.1548000e-05,0.0045356000
max #2 = 2.6231000e-05,0.0039903000
max #3 = 3.0914249e-05,0.0039457100
max #4 = 3.5598000e-05,0.0035270400
max #5 = 4.0281249e-05,0.0031464900
max #6 = 4.4965249e-05,0.0029914300
max #7 = 4.9647998e-05,0.0024532300
max #8 = 5.4331498e-05,0.0023014000
max #9 = 5.9016498e-05,0.0022510000
max #10 = 6.3698750e-05,0.0019415200


velocity:
              0              1              2              3              4              5              6              7              8              9             10
  0      0.0000000      6416.0995      6416.7224      6416.8627      6416.7745      6416.8626      6416.7504      6416.9140      6416.9064      6416.6705      6416.8561
  1      0.0000000      0.0000000      6417.4027      6417.2676      6416.9865      6417.0045      6416.7968      6416.9326      6416.8724      6416.5619      6416.7310
  2      0.0000000      0.0000000      0.0000000      6417.0852      6416.7042      6416.7718      6416.5214      6416.6922      6416.6171      6416.2558      6416.4434
  3      0.0000000      0.0000000      0.0000000      0.0000000      6416.2741      6416.5445      6416.2435      6416.4867      6416.4008      6415.9813      6416.2033
  4      0.0000000      0.0000000      0.0000000      0.0000000      0.0000000      6416.7740      6416.1710      6416.4863      6416.3490      6415.8289      6416.0887
  5      0.0000000      0.0000000      0.0000000      0.0000000      0.0000000      0.0000000      6415.5365      6416.2989      6416.1538      6415.5305      6415.8824
  6      0.0000000      0.0000000      0.0000000      0.0000000      0.0000000      0.0000000      0.0000000      6417.0381      6416.4303      6415.4893      6415.9238
  7      0.0000000      0.0000000      0.0000000      0.0000000      0.0000000      0.0000000      0.0000000      0.0000000      6415.8056      6414.6919      6415.5241
  8      0.0000000      0.0000000      0.0000000      0.0000000      0.0000000      0.0000000      0.0000000      0.0000000      0.0000000      6413.5662      6415.3666
  9      0.0000000      0.0000000      0.0000000      0.0000000      0.0000000      0.0000000      0.0000000      0.0000000      0.0000000      0.0000000      6417.1593
 10      0.0000000      0.0000000      0.0000000      0.0000000      0.0000000      0.0000000      0.0000000      0.0000000      0.0000000      0.0000000      0.0000000

average velocity: 
6416.3872


attenuation:
              0              1              2              3              4              5              6              7              8              9             10
  0      0.0000000      23.808245      25.584373      16.067645      17.049582      20.683086      18.005087      21.730564      20.773269      19.464614      22.215658
  1      0.0000000      0.0000000      27.369043      12.200124      14.797773      19.902649      16.844829      21.384739      20.340064      18.921726      22.038809
  2      0.0000000      0.0000000      0.0000000     -2.9671288      8.5148142      17.415402      14.216408      20.189405      19.169493      17.715926      21.373180
  3      0.0000000      0.0000000      0.0000000      0.0000000      19.997195      27.606524      19.945272      25.978900      23.596617      21.162527      24.849961
  4      0.0000000      0.0000000      0.0000000      0.0000000      0.0000000      35.216925      19.919716      27.973012      24.496528      21.395147      25.658549
  5      0.0000000      0.0000000      0.0000000      0.0000000      0.0000000      0.0000000      4.6319058      24.352115      20.923125      17.939411      23.746718
  6      0.0000000      0.0000000      0.0000000      0.0000000      0.0000000      0.0000000      0.0000000      44.085845      29.075071      22.374925      28.526825
  7      0.0000000      0.0000000      0.0000000      0.0000000      0.0000000      0.0000000      0.0000000      0.0000000      14.059891      11.515833      23.339743
  8      0.0000000      0.0000000      0.0000000      0.0000000      0.0000000      0.0000000      0.0000000      0.0000000      0.0000000      8.9772945      27.980754
  9      0.0000000      0.0000000      0.0000000      0.0000000      0.0000000      0.0000000      0.0000000      0.0000000      0.0000000      0.0000000      46.973243
 10      0.0000000      0.0000000      0.0000000      0.0000000      0.0000000      0.0000000      0.0000000      0.0000000      0.0000000      0.0000000      0.0000000

average attenuation coeffficient: 
21.111072


attenuation coefficient (method 1): 
21.377912


attenuation coefficient (method 2): 
21.366413


