"F1_D16_15,02 mm_2,5 MHz_00010_results"
***** findmax *****
max #0 = 2.4170000e-06,0.028822298
max #1 = 7.0850000e-06,0.026107407
max #2 = 1.1765000e-05,0.023963664
max #3 = 1.6437000e-05,0.022055099
max #4 = 2.1107000e-05,0.019870006
max #5 = 2.5785000e-05,0.017785703
max #6 = 3.0460500e-05,0.015740166
max #7 = 3.5139000e-05,0.013803174
max #8 = 3.9817500e-05,0.011910115
max #9 = 4.4494000e-05,0.010059699
max #10 = 4.9178000e-05,0.0089148188


velocity:
              0              1              2              3              4              5              6              7              8              9             10
  0      0.0000000      6403.1465      6400.6929      6404.8874      6408.2979      6408.5193      6409.4576      6409.6943      6409.9792      6410.5835      6410.1034
  1      0.0000000      0.0000000      6402.2969      6410.2399      6414.6842      6414.5839      6415.4316      6415.4474      6415.5457      6416.0210      6415.2919
  2      0.0000000      0.0000000      0.0000000      6419.0450      6421.8407      6419.6720      6419.7144      6419.0673      6418.7274      6418.9357      6417.8478
  3      0.0000000      0.0000000      0.0000000      0.0000000      6424.8884      6420.2732      6420.2451      6419.3898      6418.9843      6419.2383      6417.9956
  4      0.0000000      0.0000000      0.0000000      0.0000000      0.0000000      6415.7576      6418.0387      6417.6837      6417.6421      6418.2462      6416.9876
  5      0.0000000      0.0000000      0.0000000      0.0000000      0.0000000      0.0000000      6420.3653      6418.7017      6418.3324      6418.9357      6417.3043
  6      0.0000000      0.0000000      0.0000000      0.0000000      0.0000000      0.0000000      0.0000000      6417.0621      6417.3462      6418.4940      6416.5778
  7      0.0000000      0.0000000      0.0000000      0.0000000      0.0000000      0.0000000      0.0000000      0.0000000      6417.6442      6419.2286      6416.4380
  8      0.0000000      0.0000000      0.0000000      0.0000000      0.0000000      0.0000000      0.0000000      0.0000000      0.0000000      6420.8228      6415.8471
  9      0.0000000      0.0000000      0.0000000      0.0000000      0.0000000      0.0000000      0.0000000      0.0000000      0.0000000      0.0000000      6410.8851
 10      0.0000000      0.0000000      0.0000000      0.0000000      0.0000000      0.0000000      0.0000000      0.0000000      0.0000000      0.0000000      0.0000000

average velocity: 
6415.6202


attenuation:
              0              1              2              3              4              5              6              7              8              9             10
  0      0.0000000      1.1850829      5.1559288      11.415986      9.9044230      7.8179308      6.8389765      6.7285544      7.4915829      9.0077256      9.0369463
  1      0.0000000      0.0000000      9.1356902      16.552959      12.810554      9.4658991      7.9583600      7.6413641      8.3824701      9.9769764      9.9013815
  2      0.0000000      0.0000000      0.0000000      23.670968      14.419926      9.4317033      7.5539635      7.2576601      8.1880269      10.037861      9.9488273
  3      0.0000000      0.0000000      0.0000000      0.0000000      5.1735700      2.3109087      2.1807667      3.1522144      5.0889444      7.7638494      7.9851891
  4      0.0000000      0.0000000      0.0000000      0.0000000      0.0000000    -0.57749727     0.66768553      2.4633104      5.0544659      8.2710081      8.4422764
  5      0.0000000      0.0000000      0.0000000      0.0000000      0.0000000      0.0000000      1.9193868      3.9871167      6.9343051      10.485904      10.247315
  6      0.0000000      0.0000000      0.0000000      0.0000000      0.0000000      0.0000000      0.0000000      6.0521373      9.4396121      13.340202      12.327202
  7      0.0000000      0.0000000      0.0000000      0.0000000      0.0000000      0.0000000      0.0000000      0.0000000      12.827321      16.985062      14.418632
  8      0.0000000      0.0000000      0.0000000      0.0000000      0.0000000      0.0000000      0.0000000      0.0000000      0.0000000      21.143680      15.213826
  9      0.0000000      0.0000000      0.0000000      0.0000000      0.0000000      0.0000000      0.0000000      0.0000000      0.0000000      0.0000000      9.2821717
 10      0.0000000      0.0000000      0.0000000      0.0000000      0.0000000      0.0000000      0.0000000      0.0000000      0.0000000      0.0000000      0.0000000

average attenuation coefficient: 
8.7181508


attenuation coefficient (method 1): 
9.1741934


attenuation coefficient (method 2): 
7.9693473


***** autocorrelation *****
max #0 = 0.0000000,0.028792578
max #1 = 4.6745000e-06,0.026076394
max #2 = 9.3495000e-06,0.023963664
max #3 = 1.4023500e-05,0.022005996
max #4 = 1.8700000e-05,0.019817026
max #5 = 2.3375500e-05,0.017754691
max #6 = 2.8052500e-05,0.015672973
max #7 = 3.2728500e-05,0.013708844
max #8 = 3.7405000e-05,0.011766682
max #9 = 4.2081500e-05,0.0099950897


velocity:
              0              1              2              3              4              5              6              7              8              9
  0      0.0000000      6394.3392      6399.6750      6403.3009      6404.8938      6406.4755      6407.4125      6408.4278      6409.2117      6409.9010
  1      0.0000000      0.0000000      6409.1097      6412.2884      6413.0891      6414.2420      6414.7475      6415.4474      6415.9368      6416.3633
  2      0.0000000      0.0000000      0.0000000      6416.3065      6416.0177      6416.9319      6417.1451      6417.6970      6418.0422      6418.3483
  3      0.0000000      0.0000000      0.0000000      0.0000000      6415.9764      6417.5320      6417.7321      6418.3617      6418.7102      6419.0098
  4      0.0000000      0.0000000      0.0000000      0.0000000      0.0000000      6419.1829      6418.7240      6419.2829      6419.5269      6419.7543
  5      0.0000000      0.0000000      0.0000000      0.0000000      0.0000000      0.0000000      6418.3087      6419.3872      6419.7034      6419.9641
  6      0.0000000      0.0000000      0.0000000      0.0000000      0.0000000      0.0000000      0.0000000      6420.4896      6420.4311      6420.5511
  7      0.0000000      0.0000000      0.0000000      0.0000000      0.0000000      0.0000000      0.0000000      0.0000000      6420.3865      6420.6001
  8      0.0000000      0.0000000      0.0000000      0.0000000      0.0000000      0.0000000      0.0000000      0.0000000      0.0000000      6420.8228
  9      0.0000000      0.0000000      0.0000000      0.0000000      0.0000000      0.0000000      0.0000000      0.0000000      0.0000000      0.0000000

average velocity: 
6415.1064


attenuation:
              0              1              2              3              4              5              6              7              8              9
  0      0.0000000      1.3163610      5.0013491      11.533894      10.037798      7.8693855      7.0054237      6.9750133      7.8954741      9.1842696
  1      0.0000000      0.0000000      8.9311187      16.708361      12.957533      9.5074371      8.1397121      7.9145469      8.8324785      10.165795
  2      0.0000000      0.0000000      0.0000000      24.358099      14.888527      9.6325339      7.8889833      7.6659876      8.7770310      10.307887
  3      0.0000000      0.0000000      0.0000000      0.0000000      5.4149877      2.2685772      2.3988278      3.4938259      5.6623144      7.9681118
  4      0.0000000      0.0000000      0.0000000      0.0000000      0.0000000    -0.87006075     0.89614693      2.8591355      5.7295250      8.4838446
  5      0.0000000      0.0000000      0.0000000      0.0000000      0.0000000      0.0000000      2.6608150      4.7237238      7.9296924      10.822821
  6      0.0000000      0.0000000      0.0000000      0.0000000      0.0000000      0.0000000      0.0000000      6.7882825      10.565489      13.544737
  7      0.0000000      0.0000000      0.0000000      0.0000000      0.0000000      0.0000000      0.0000000      0.0000000      14.342616      16.922972
  8      0.0000000      0.0000000      0.0000000      0.0000000      0.0000000      0.0000000      0.0000000      0.0000000      0.0000000      19.503435
  9      0.0000000      0.0000000      0.0000000      0.0000000      0.0000000      0.0000000      0.0000000      0.0000000      0.0000000      0.0000000

average attenuation coeffficient: 
8.5689960


attenuation coefficient (method 1): 
8.5403533


attenuation coefficient (method 2): 
7.4222134


***** vawelet transform *****
max #0 = 2.4155000e-06,0.028792578
max #1 = 7.0860000e-06,0.026066057
max #2 = 1.1761500e-05,0.023877087
max #3 = 1.6434500e-05,0.021987905
max #4 = 2.1109500e-05,0.019855792
max #5 = 2.5784500e-05,0.017713341
max #6 = 3.0459500e-05,0.015683310
max #7 = 3.5135500e-05,0.013719181
max #8 = 3.9813500e-05,0.011859720
max #9 = 4.4492500e-05,0.010028687
max #10 = 4.9171500e-05,0.0088269499


velocity:
              0              1              2              3              4              5              6              7              8              9             10
  0      0.0000000      6399.7562      6402.0506      6405.3408      6406.9358      6408.2467      6409.3439      6410.0841      6410.4057      6410.5835      6410.7860
  1      0.0000000      0.0000000      6408.4278      6412.6299      6414.0005      6415.0969      6415.9791      6416.4740      6416.5236      6416.4488      6416.4328
  2      0.0000000      0.0000000      0.0000000      6417.6754      6417.7293      6418.3017      6418.8577      6419.0673      6418.8416      6418.5441      6418.3617
  3      0.0000000      0.0000000      0.0000000      0.0000000      6418.0308      6418.9023      6419.5595      6419.7326      6419.3956      6419.0098      6418.7789
  4      0.0000000      0.0000000      0.0000000      0.0000000      0.0000000      6419.8684      6420.4379      6420.4256      6419.8698      6419.3429      6419.0436
  5      0.0000000      0.0000000      0.0000000      0.0000000      0.0000000      0.0000000      6421.0512      6420.7587      6419.9320      6419.2785      6418.9492
  6      0.0000000      0.0000000      0.0000000      0.0000000      0.0000000      0.0000000      0.0000000      6420.4896      6419.4025      6418.7225      6418.4623
  7      0.0000000      0.0000000      0.0000000      0.0000000      0.0000000      0.0000000      0.0000000      0.0000000      6418.3296      6417.8576      6417.8084
  8      0.0000000      0.0000000      0.0000000      0.0000000      0.0000000      0.0000000      0.0000000      0.0000000      0.0000000      6417.3947      6417.5599
  9      0.0000000      0.0000000      0.0000000      0.0000000      0.0000000      0.0000000      0.0000000      0.0000000      0.0000000      0.0000000      6417.7313
 10      0.0000000      0.0000000      0.0000000      0.0000000      0.0000000      0.0000000      0.0000000      0.0000000      0.0000000      0.0000000      0.0000000

average velocity: 
6416.1646


attenuation:
              0              1              2              3              4              5              6              7              8              9             10
  0      0.0000000      1.3780239      5.5372953      11.609920      9.8875525      7.9953879      6.9642023      6.9362683      7.6057354      9.0737751      9.2910416
  1      0.0000000      0.0000000      9.8490678      16.770776      12.728556      9.6440586      8.0738052      7.8552642      8.4887342      10.029902      10.165299
  2      0.0000000      0.0000000      0.0000000      23.528050      14.058449      9.4921111      7.5625081      7.4013215      8.2170930      10.018478      10.172992
  3      0.0000000      0.0000000      0.0000000      0.0000000      4.5858297      2.4729731      2.2410610      3.3705122      5.1552935      7.7667626      8.2647713
  4      0.0000000      0.0000000      0.0000000      0.0000000      0.0000000     0.36416464      1.0732888      2.9692939      5.3000699      8.4042658      8.8786932
  5      0.0000000      0.0000000      0.0000000      0.0000000      0.0000000      0.0000000      1.7838940      4.2727016      6.9451856      10.413495      10.580603
  6      0.0000000      0.0000000      0.0000000      0.0000000      0.0000000      0.0000000      0.0000000      6.7609789      9.5246152      13.288548      12.778322
  7      0.0000000      0.0000000      0.0000000      0.0000000      0.0000000      0.0000000      0.0000000      0.0000000      12.287230      16.551246      14.783119
  8      0.0000000      0.0000000      0.0000000      0.0000000      0.0000000      0.0000000      0.0000000      0.0000000      0.0000000      20.814985      16.030857
  9      0.0000000      0.0000000      0.0000000      0.0000000      0.0000000      0.0000000      0.0000000      0.0000000      0.0000000      0.0000000      11.246783
 10      0.0000000      0.0000000      0.0000000      0.0000000      0.0000000      0.0000000      0.0000000      0.0000000      0.0000000      0.0000000      0.0000000

average attenuation coeffficient: 
8.8953674


attenuation coefficient (method 1): 
9.3331575


attenuation coefficient (method 2): 
8.1081306


