"F1_D16_15,02 mm_2,5 MHz_00003_results"
***** findmax *****
max #0 = 1.8453500e-05,0.020889624
max #1 = 2.3128000e-05,0.018760087
max #2 = 2.7801500e-05,0.016801119
max #3 = 3.2473000e-05,0.014754283
max #4 = 3.7156000e-05,0.012947794
max #5 = 4.1831000e-05,0.011249850
max #6 = 4.6506500e-05,0.0096165152
max #7 = 5.1193500e-05,0.0085646685
max #8 = 5.5869500e-05,0.0072259544
max #9 = 6.0556500e-05,0.0059802785
max #10 = 6.5235000e-05,0.0054194658


velocity:
              0              1              2              3              4              5              6              7              8              9             10
  0      0.0000000      6394.3392      6400.6929      6405.1141      6404.0433      6405.9307      6407.2990      6406.1882      6407.3363      6406.6421      6407.3061
  1      0.0000000      0.0000000      6411.1563      6415.0217      6411.9502      6413.5582      6414.6107      6412.8253      6413.7863      6412.6855      6413.1632
  2      0.0000000      0.0000000      0.0000000      6419.7300      6413.2812      6415.3346      6416.4604      6414.1368      6415.1887      6413.8484      6414.3383
  3      0.0000000      0.0000000      0.0000000      0.0000000      6407.0890      6413.4247      6415.6775      6413.0553      6414.6006      6413.1886      6413.8866
  4      0.0000000      0.0000000      0.0000000      0.0000000      0.0000000      6419.8684      6420.0951      6415.1723      6416.6144      6414.5474      6415.1612
  5      0.0000000      0.0000000      0.0000000      0.0000000      0.0000000      0.0000000      6420.3653      6412.8807      6415.5920      6413.2850      6414.2908
  6      0.0000000      0.0000000      0.0000000      0.0000000      0.0000000      0.0000000      0.0000000      6405.4362      6413.2376      6410.9628      6412.8122
  7      0.0000000      0.0000000      0.0000000      0.0000000      0.0000000      0.0000000      0.0000000      0.0000000      6421.0725      6413.7482      6415.2965
  8      0.0000000      0.0000000      0.0000000      0.0000000      0.0000000      0.0000000      0.0000000      0.0000000      0.0000000      6406.4492      6412.4242
  9      0.0000000      0.0000000      0.0000000      0.0000000      0.0000000      0.0000000      0.0000000      0.0000000      0.0000000      0.0000000      6418.4167
 10      0.0000000      0.0000000      0.0000000      0.0000000      0.0000000      0.0000000      0.0000000      0.0000000      0.0000000      0.0000000      0.0000000

average velocity: 
6412.4476


attenuation:
              0              1              2              3              4              5              6              7              8              9             10
  0      0.0000000      3.7549477      9.9552074      19.137091      17.613574      15.703858      15.082293      13.161879      13.929506      15.389985      14.130893
  1      0.0000000      0.0000000      16.431219      26.904868      22.243722      18.690093      17.344109      14.723947      15.378514      16.839811      15.280336
  2      0.0000000      0.0000000      0.0000000      37.226127      25.122980      19.405524      17.536110      14.364394      15.183610      16.886034      15.124412
  3      0.0000000      0.0000000      0.0000000      0.0000000      12.998804      10.480242      10.962200      8.6345935      10.764405      13.484123      11.957068
  4      0.0000000      0.0000000      0.0000000      0.0000000      0.0000000      7.9955348      9.9729634      7.1950536      10.221573      13.591978      11.793971
  5      0.0000000      0.0000000      0.0000000      0.0000000      0.0000000      0.0000000      11.950866      6.7858505      10.958729      14.984620      12.548734
  6      0.0000000      0.0000000      0.0000000      0.0000000      0.0000000      0.0000000      0.0000000      1.6088788      10.457702      15.990162      12.694109
  7      0.0000000      0.0000000      0.0000000      0.0000000      0.0000000      0.0000000      0.0000000      0.0000000      19.313697      23.184100      16.392643
  8      0.0000000      0.0000000      0.0000000      0.0000000      0.0000000      0.0000000      0.0000000      0.0000000      0.0000000      27.050391      14.929961
  9      0.0000000      0.0000000      0.0000000      0.0000000      0.0000000      0.0000000      0.0000000      0.0000000      0.0000000      0.0000000      2.8116989
 10      0.0000000      0.0000000      0.0000000      0.0000000      0.0000000      0.0000000      0.0000000      0.0000000      0.0000000      0.0000000      0.0000000

average attenuation coefficient: 
14.622904


attenuation coefficient (method 1): 
15.202643


attenuation coefficient (method 2): 
14.354702


***** autocorrelation *****
max #0 = 0.0000000,0.020819846
max #1 = 4.6755000e-06,0.018729074
max #2 = 9.3535000e-06,0.016764938
max #3 = 1.4030000e-05,0.014723270
max #4 = 1.8708000e-05,0.012924534
max #5 = 2.3387500e-05,0.011136137
max #6 = 2.8066000e-05,0.0095855025
max #7 = 3.2744500e-05,0.0084871368
max #8 = 3.7425000e-05,0.0071380852
max #9 = 4.2104000e-05,0.0058924092


velocity:
              0              1              2              3              4              5              6              7              8              9
  0      0.0000000      6392.9863      6396.9622      6400.3566      6402.1731      6403.2081      6404.3474      6405.3122      6405.8027      6406.4907
  1      0.0000000      0.0000000      6405.0203      6408.5339      6409.9012      6410.4830      6411.3290      6412.0277      6412.2232      6412.6855
  2      0.0000000      0.0000000      0.0000000      6412.8866      6413.2812      6413.2821      6413.8937      6414.4106      6414.3902      6414.7283
  3      0.0000000      0.0000000      0.0000000      0.0000000      6413.9233      6413.7668      6414.5366      6415.1084      6415.0113      6415.3560
  4      0.0000000      0.0000000      0.0000000      0.0000000      0.0000000      6413.7041      6414.9567      6415.6288      6415.4159      6415.7798
  5      0.0000000      0.0000000      0.0000000      0.0000000      0.0000000      0.0000000      6416.2534      6416.6461      6416.0486      6416.3660
  6      0.0000000      0.0000000      0.0000000      0.0000000      0.0000000      0.0000000      0.0000000      6417.0621      6415.9761      6416.4383
  7      0.0000000      0.0000000      0.0000000      0.0000000      0.0000000      0.0000000      0.0000000      0.0000000      6414.9043      6416.1447
  8      0.0000000      0.0000000      0.0000000      0.0000000      0.0000000      0.0000000      0.0000000      0.0000000      0.0000000      6417.3947
  9      0.0000000      0.0000000      0.0000000      0.0000000      0.0000000      0.0000000      0.0000000      0.0000000      0.0000000      0.0000000

average velocity: 
6411.6253


attenuation:
              0              1              2              3              4              5              6              7              8              9
  0      0.0000000      3.2791910      9.7633087      19.025006      17.509934      16.111489      15.091183      13.403335      14.257321      15.758640
  1      0.0000000      0.0000000      16.450820      26.954011      22.262973      19.316636      17.448165      15.085445      15.821004      17.315008
  2      0.0000000      0.0000000      0.0000000      37.317777      25.071260      20.201368      17.639531      14.763253      15.675295      17.402598
  3      0.0000000      0.0000000      0.0000000      0.0000000      12.822655      11.641350      11.080071      9.1257685      11.347836      14.084971
  4      0.0000000      0.0000000      0.0000000      0.0000000      0.0000000      10.458502      10.210231      7.8959986      10.980945      14.339591
  5      0.0000000      0.0000000      0.0000000      0.0000000      0.0000000      0.0000000      9.9654562      6.6181498      11.157365      15.312147
  6      0.0000000      0.0000000      0.0000000      0.0000000      0.0000000      0.0000000      0.0000000      3.2714028      11.753038      17.094396
  7      0.0000000      0.0000000      0.0000000      0.0000000      0.0000000      0.0000000      0.0000000      0.0000000      20.233651      24.005490
  8      0.0000000      0.0000000      0.0000000      0.0000000      0.0000000      0.0000000      0.0000000      0.0000000      0.0000000      27.778014
  9      0.0000000      0.0000000      0.0000000      0.0000000      0.0000000      0.0000000      0.0000000      0.0000000      0.0000000      0.0000000

average attenuation coeffficient: 
15.424480


attenuation coefficient (method 1): 
15.468097


attenuation coefficient (method 2): 
14.446911


***** vawelet transform *****
max #0 = 1.8448000e-05,0.020819846
max #1 = 2.3123000e-05,0.018705815
max #2 = 2.7798000e-05,0.016731341
max #3 = 3.2473000e-05,0.014718101
max #4 = 3.7149500e-05,0.012901275
max #5 = 4.1827000e-05,0.011185240
max #6 = 4.6506500e-05,0.0095674118
max #7 = 5.1186000e-05,0.0085362402
max #8 = 5.5866500e-05,0.0071484227
max #9 = 6.0549500e-05,0.0058510590
max #10 = 6.4837000e-05,0.0050654044


velocity:
              0              1              2              3              4              5              6              7              8              9             10
  0      0.0000000      6393.6627      6399.3358      6402.6212      6404.3835      6405.5221      6406.0499      6406.5775      6406.9102      6406.8694      6461.2924
  1      0.0000000      0.0000000      6409.1097      6411.6054      6412.6335      6413.2164      6413.2429      6413.3951      6413.3955      6413.0274      6473.4598
  2      0.0000000      0.0000000      0.0000000      6414.9381      6415.3334      6415.5628      6415.2623      6415.2318      6415.0746      6414.5328      6482.5563
  3      0.0000000      0.0000000      0.0000000      0.0000000      6415.9764      6416.1623      6415.6775      6415.6218      6415.4221      6414.7855      6492.6676
  4      0.0000000      0.0000000      0.0000000      0.0000000      0.0000000      6416.4423      6415.6413      6415.6288      6415.4159      6414.6843      6505.7778
  5      0.0000000      0.0000000      0.0000000      0.0000000      0.0000000      0.0000000      6414.8839      6415.2763      6415.1355      6414.3117      6524.0218
  6      0.0000000      0.0000000      0.0000000      0.0000000      0.0000000      0.0000000      0.0000000      6415.6922      6415.2913      6414.1557      6551.9334
  7      0.0000000      0.0000000      0.0000000      0.0000000      0.0000000      0.0000000      0.0000000      0.0000000      6414.9043      6413.4060      6598.6694
  8      0.0000000      0.0000000      0.0000000      0.0000000      0.0000000      0.0000000      0.0000000      0.0000000      0.0000000      6411.9173      6694.5756
  9      0.0000000      0.0000000      0.0000000      0.0000000      0.0000000      0.0000000      0.0000000      0.0000000      0.0000000      0.0000000      7003.3159
 10      0.0000000      0.0000000      0.0000000      0.0000000      0.0000000      0.0000000      0.0000000      0.0000000      0.0000000      0.0000000      0.0000000

average velocity: 
6442.5854


attenuation:
              0              1              2              3              4              5              6              7              8              9             10
  0      0.0000000      3.6318380      10.065931      19.055220      17.630392      15.845488      15.173869      13.159212      14.200288      15.983395      15.794784
  1      0.0000000      0.0000000      16.755068      26.832640      22.309590      18.898325      17.478000      14.742414      15.705804      17.523522      17.180725
  2      0.0000000      0.0000000      0.0000000      36.807354      25.012541      19.556816      17.617341      14.306576      15.503764      17.611919      17.015634
  3      0.0000000      0.0000000      0.0000000      0.0000000      13.215651      10.930367      11.218952      8.6798537      11.241434      14.410337      14.295779
  4      0.0000000      0.0000000      0.0000000      0.0000000      0.0000000      8.6454030      10.218902      7.1663746      10.746131      14.646587      14.597632
  5      0.0000000      0.0000000      0.0000000      0.0000000      0.0000000      0.0000000      11.789853      6.4251438      11.444712      16.144626      15.877035
  6      0.0000000      0.0000000      0.0000000      0.0000000      0.0000000      0.0000000      0.0000000      1.0609940      11.272329      17.595690      16.969926
  7      0.0000000      0.0000000      0.0000000      0.0000000      0.0000000      0.0000000      0.0000000      0.0000000      21.483270      25.862088      22.335973
  8      0.0000000      0.0000000      0.0000000      0.0000000      0.0000000      0.0000000      0.0000000      0.0000000      0.0000000      30.240051      22.829973
  9      0.0000000      0.0000000      0.0000000      0.0000000      0.0000000      0.0000000      0.0000000      0.0000000      0.0000000      0.0000000      15.527329
 10      0.0000000      0.0000000      0.0000000      0.0000000      0.0000000      0.0000000      0.0000000      0.0000000      0.0000000      0.0000000      0.0000000

average attenuation coeffficient: 
15.786743


attenuation coefficient (method 1): 
16.153189


attenuation coefficient (method 2): 
14.870274


