"F1_D16_15,02 mm_10 MHz_00001.trc_results"
***** findmax *****
max #0 = 1.6966500e-05,0.0051287200
max #1 = 2.1648500e-05,0.0048489600
max #2 = 2.6229499e-05,0.0044580700
max #3 = 3.0916500e-05,0.0040839800
max #4 = 3.5601499e-05,0.0036239600
max #5 = 4.0382499e-05,0.0032072300
max #6 = 4.5064998e-05,0.0030644400
max #7 = 4.9751001e-05,0.0025139600
max #8 = 5.4433498e-05,0.0025049200
max #9 = 5.9118498e-05,0.0023098000
max #10 = 6.3696497e-05,0.0019660700


velocity:
              0              1              2              3              4              5              6              7              8              9             10
  0      0.0000000      6419.6137      6489.7014      6463.9425      6451.8370      6418.1800      6418.3524      6417.7889      6417.9655      6417.7206      6432.2148
  1      0.0000000      0.0000000      6561.3552      6486.3361      6462.6294      6417.7822      6418.0421      6417.4085      6417.6357      6417.3721      6433.4881
  2      0.0000000      0.0000000      0.0000000      6412.9850      6414.3287      6371.2523      6383.1130      6389.2850      6394.1891      6397.1999      6417.7224
  3      0.0000000      0.0000000      0.0000000      0.0000000      6415.6427      6350.5452      6373.1595      6383.3160      6390.3588      6394.4801      6418.2908
  4      0.0000000      0.0000000      0.0000000      0.0000000      0.0000000      6286.7286      6352.0878      6372.5599      6384.0045      6390.1891      6418.6464
  5      0.0000000      0.0000000      0.0000000      0.0000000      0.0000000      0.0000000      6418.7943      6416.3233      6417.0547      6416.5313      6445.6305
  6      0.0000000      0.0000000      0.0000000      0.0000000      0.0000000      0.0000000      0.0000000      6413.8320      6416.1535      6415.7368      6452.3257
  7      0.0000000      0.0000000      0.0000000      0.0000000      0.0000000      0.0000000      0.0000000      0.0000000      6418.4577      6416.6627      6465.2252
  8      0.0000000      0.0000000      0.0000000      0.0000000      0.0000000      0.0000000      0.0000000      0.0000000      0.0000000      6414.8527      6488.8429
  9      0.0000000      0.0000000      0.0000000      0.0000000      0.0000000      0.0000000      0.0000000      0.0000000      0.0000000      0.0000000      6564.5471
 10      0.0000000      0.0000000      0.0000000      0.0000000      0.0000000      0.0000000      0.0000000      0.0000000      0.0000000      0.0000000      0.0000000

average velocity: 
6419.4622


attenuation:
              0              1              2              3              4              5              6              7              8              9             10
  0      0.0000000      4.5480080      10.218969      13.451190      17.360674      20.130199      17.862645      22.665042      20.264592      20.339898      22.122087
  1      0.0000000      0.0000000      15.875955      17.906762      21.641253      24.023745      20.525094      25.683070      22.508663      22.313209      24.077606
  2      0.0000000      0.0000000      0.0000000      19.931210      24.509749      26.519522      21.674419      27.555202      23.542478      23.205929      25.094288
  3      0.0000000      0.0000000      0.0000000      0.0000000      29.087129      29.716884      22.269935      29.447745      24.256274      23.751203      25.831732
  4      0.0000000      0.0000000      0.0000000      0.0000000      0.0000000      29.558477      18.863516      29.517235      23.021139      22.676930      25.289491
  5      0.0000000      0.0000000      0.0000000      0.0000000      0.0000000      0.0000000      6.5180236      29.003707      20.489022      20.605778      24.055633
  6      0.0000000      0.0000000      0.0000000      0.0000000      0.0000000      0.0000000      0.0000000      51.422609      27.456261      25.290362      28.526275
  7      0.0000000      0.0000000      0.0000000      0.0000000      0.0000000      0.0000000      0.0000000      0.0000000      3.4612043      12.207306      20.653174
  8      0.0000000      0.0000000      0.0000000      0.0000000      0.0000000      0.0000000      0.0000000      0.0000000      0.0000000      20.973557      29.057012
  9      0.0000000      0.0000000      0.0000000      0.0000000      0.0000000      0.0000000      0.0000000      0.0000000      0.0000000      0.0000000      37.542351
 10      0.0000000      0.0000000      0.0000000      0.0000000      0.0000000      0.0000000      0.0000000      0.0000000      0.0000000      0.0000000      0.0000000

average attenuation coefficient: 
22.656390


attenuation coefficient (method 1): 
22.324597


attenuation coefficient (method 2): 
22.120845


***** autocorrelation *****
max #0 = 0.0000000,0.0016113700
max #1 = 4.6834998e-06,0.0015512800
max #2 = 9.3669996e-06,0.0012721600
max #3 = 1.4050500e-05,0.0012418000
max #4 = 1.8733999e-05,0.0011448800
max #5 = 2.3417000e-05,0.00090841200
max #6 = 2.8100500e-05,0.00074947300
max #7 = 3.2783999e-05,0.00073138200
max #8 = 3.7467500e-05,0.00067969400
max #9 = 4.2150998e-05,0.00069197000


velocity:
              0              1              2              3              4              5              6              7              8              9
  0      0.0000000      6417.5582      6417.6661      6417.7189      6417.7499      6417.9058      6417.8955      6417.8871      6417.8794      6417.8728
  1      0.0000000      0.0000000      6417.7893      6417.7971      6417.7930      6417.9532      6417.9048      6417.8656      6417.8310      6417.8002
  2      0.0000000      0.0000000      0.0000000      6417.7772      6417.7515      6417.9487      6417.8592      6417.7912      6417.7338      6417.6835
  3      0.0000000      0.0000000      0.0000000      0.0000000      6417.6955      6417.9895      6417.8275      6417.7224      6417.6399      6417.5705
  4      0.0000000      0.0000000      0.0000000      0.0000000      0.0000000      6418.2551      6417.8521      6417.6776      6417.5609      6417.4696
  5      0.0000000      0.0000000      0.0000000      0.0000000      0.0000000      0.0000000      6417.4236      6417.3522      6417.2823      6417.2164
  6      0.0000000      0.0000000      0.0000000      0.0000000      0.0000000      0.0000000      0.0000000      6417.2585      6417.1798      6417.1068
  7      0.0000000      0.0000000      0.0000000      0.0000000      0.0000000      0.0000000      0.0000000      0.0000000      6417.0821      6417.0040
  8      0.0000000      0.0000000      0.0000000      0.0000000      0.0000000      0.0000000      0.0000000      0.0000000      0.0000000      6416.9099
  9      0.0000000      0.0000000      0.0000000      0.0000000      0.0000000      0.0000000      0.0000000      0.0000000      0.0000000      0.0000000

average velocity: 
6417.6553


attenuation:
              0              1              2              3              4              5              6              7              8              9
  0      0.0000000    -0.67462046      24.242210      16.684718      17.020035      26.126461      29.934146      25.841835      25.563051      21.869099
  1      0.0000000      0.0000000      49.159265      25.364593      22.918429      32.827132      36.056129      30.261418      29.311406      24.687238
  2      0.0000000      0.0000000      0.0000000      1.5699463      9.7980636      27.383147      32.780443      26.481754      26.003305      21.191276
  3      0.0000000      0.0000000      0.0000000      0.0000000      18.026249      40.290013      43.184010      32.709562      30.889800      24.461513
  4      0.0000000      0.0000000      0.0000000      0.0000000      0.0000000      62.557219      55.762962      37.603862      34.105455      25.748525
  5      0.0000000      0.0000000      0.0000000      0.0000000      0.0000000      0.0000000      48.979219      25.130592      24.624174      16.549255
  6      0.0000000      0.0000000      0.0000000      0.0000000      0.0000000      0.0000000      0.0000000      1.2797531      12.444971      5.7381944
  7      0.0000000      0.0000000      0.0000000      0.0000000      0.0000000      0.0000000      0.0000000      0.0000000      23.611153      7.9689126
  8      0.0000000      0.0000000      0.0000000      0.0000000      0.0000000      0.0000000      0.0000000      0.0000000      0.0000000     -7.6722879
  9      0.0000000      0.0000000      0.0000000      0.0000000      0.0000000      0.0000000      0.0000000      0.0000000      0.0000000      0.0000000

average attenuation coeffficient: 
25.475413


attenuation coefficient (method 1): 
26.059011


attenuation coefficient (method 2): 
26.309352


***** vawelet transform *****
max #0 = 1.6681250e-05,0.0016113700
max #1 = 2.1364250e-05,0.0016249300
max #2 = 2.6420250e-05,0.0023349900
max #3 = 3.1104500e-05,0.0022923500
max #4 = 3.5787249e-05,0.0019150300
max #5 = 4.0099000e-05,0.00079469900
max #6 = 4.4780499e-05,0.00093490200
max #7 = 4.9466749e-05,0.00062865200
max #8 = 5.4149500e-05,0.00059440900
max #9 = 5.8831750e-05,0.00073461200
max #10 = 6.3979500e-05,8.5930900e-05


velocity:
              0              1              2              3              4              5              6              7              8              9             10
  0      0.0000000      6418.2430      6172.5905      6251.8999      6292.8224      6417.7004      6418.1811      6417.5935      6417.7510      6417.9486      6354.9531
  1      0.0000000      0.0000000      5945.0517      6171.9146      6252.0763      6417.5253      6418.1107      6417.4089      6417.5864      6417.7998      6347.8718
  2      0.0000000      0.0000000      0.0000000      6416.7503      6417.7518      6592.0948      6548.2981      6520.9392      6503.6351      6491.4211      6401.9636
  3      0.0000000      0.0000000      0.0000000      0.0000000      6418.7234      6683.3602      6593.2910      6547.4412      6521.2066      6503.9352      6399.7485
  4      0.0000000      0.0000000      0.0000000      0.0000000      0.0000000      6970.7189      6684.1383      6591.4447      6547.2726      6521.1711      6396.5116
  5      0.0000000      0.0000000      0.0000000      0.0000000      0.0000000      0.0000000      6420.1650      6416.8381      6417.2822      6417.6436      6292.7748
  6      0.0000000      0.0000000      0.0000000      0.0000000      0.0000000      0.0000000      0.0000000      6413.4924      6415.8099      6416.7630      6261.6666
  7      0.0000000      0.0000000      0.0000000      0.0000000      0.0000000      0.0000000      0.0000000      0.0000000      6418.1102      6418.3725      6212.6099
  8      0.0000000      0.0000000      0.0000000      0.0000000      0.0000000      0.0000000      0.0000000      0.0000000      0.0000000      6418.6189      6114.6948
  9      0.0000000      0.0000000      0.0000000      0.0000000      0.0000000      0.0000000      0.0000000      0.0000000      0.0000000      0.0000000      5838.2379
 10      0.0000000      0.0000000      0.0000000      0.0000000      0.0000000      0.0000000      0.0000000      0.0000000      0.0000000      0.0000000      0.0000000

average velocity: 
6409.9987


attenuation:
              0              1              2              3              4              5              6              7              8              9             10
  0      0.0000000     -14.088832     -62.899088     -42.092845     -19.905105      33.860017      19.280080      32.093759      30.408874      19.947840      79.269619
  1      0.0000000      0.0000000     -111.94945     -56.382793     -22.014135      45.846417      25.953911      39.790274      36.765276      24.202361      89.613994
  2      0.0000000      0.0000000      0.0000000   -0.084340511      23.222722      99.147769      60.499839      70.505899      61.830014      43.769492      114.87402
  3      0.0000000      0.0000000      0.0000000      0.0000000      46.529049      149.39187      80.781045      88.286239      74.280013      51.098417      131.29800
  4      0.0000000      0.0000000      0.0000000      0.0000000      0.0000000      253.53247      98.000608      102.44638      81.318149      52.034771      145.42455
  5      0.0000000      0.0000000      0.0000000      0.0000000      0.0000000      0.0000000     -53.649216      27.678731      24.656989      2.5582276      124.93636
  6      0.0000000      0.0000000      0.0000000      0.0000000      0.0000000      0.0000000      0.0000000      108.91692      63.779992      21.281438      169.14063
  7      0.0000000      0.0000000      0.0000000      0.0000000      0.0000000      0.0000000      0.0000000      0.0000000      18.614433     -22.565511      190.02754
  8      0.0000000      0.0000000      0.0000000      0.0000000      0.0000000      0.0000000      0.0000000      0.0000000      0.0000000     -63.748204      276.94478
  9      0.0000000      0.0000000      0.0000000      0.0000000      0.0000000      0.0000000      0.0000000      0.0000000      0.0000000      0.0000000      617.53375
 10      0.0000000      0.0000000      0.0000000      0.0000000      0.0000000      0.0000000      0.0000000      0.0000000      0.0000000      0.0000000      0.0000000

average attenuation coeffficient: 
63.308982


attenuation coefficient (method 1): 
60.877614


attenuation coefficient (method 2): 
36.992376


