"F1_D16_15,02 mm_16 MHz_00002.trc_results"
***** findmax *****
max #0 = 2.3965000e-06,0.0045557600
max #1 = 7.0784998e-06,0.0040564600
max #2 = 1.1760499e-05,0.0034473200
max #3 = 1.6442499e-05,0.0029705000
max #4 = 2.1093500e-05,0.0026011900
max #5 = 2.5807499e-05,0.0022590200
max #6 = 3.0489497e-05,0.0019512100
max #7 = 3.5172999e-05,0.0018416400
max #8 = 3.9855499e-05,0.0015312500
max #9 = 4.4538000e-05,0.0013475000
max #10 = 4.9219999e-05,0.00099809100


velocity:
              0              1              2              3              4              5              6              7              8              9             10
  0      0.0000000      6419.6136      6419.7221      6419.7749      6430.4469      6419.5506      6419.6090      6419.3553      6419.3356      6419.3189      6419.3732
  1      0.0000000      0.0000000      6419.8458      6419.8533      6434.0454      6419.4953      6419.5500      6419.2359      6419.2015      6419.1701      6419.2172
  2      0.0000000      0.0000000      0.0000000      6419.8333      6441.1251      6419.3193      6419.4015      6419.0243      6418.9899      6418.9552      6419.0066
  3      0.0000000      0.0000000      0.0000000      0.0000000      6462.5277      6419.0174      6419.1986      6418.7497      6418.7361      6418.7116      6418.7796
  4      0.0000000      0.0000000      0.0000000      0.0000000      0.0000000      6376.0613      6397.7101      6404.2352      6407.8159      6409.9439      6411.4601
  5      0.0000000      0.0000000      0.0000000      0.0000000      0.0000000      0.0000000      6419.4808      6418.3788      6418.4239      6418.4140      6418.5213
  6      0.0000000      0.0000000      0.0000000      0.0000000      0.0000000      0.0000000      0.0000000      6417.2550      6417.8638      6418.0178      6418.2329
  7      0.0000000      0.0000000      0.0000000      0.0000000      0.0000000      0.0000000      0.0000000      0.0000000      6418.4537      6418.3723      6418.5246
  8      0.0000000      0.0000000      0.0000000      0.0000000      0.0000000      0.0000000      0.0000000      0.0000000      0.0000000      6418.2750      6418.5374
  9      0.0000000      0.0000000      0.0000000      0.0000000      0.0000000      0.0000000      0.0000000      0.0000000      0.0000000      0.0000000      6418.7866
 10      0.0000000      0.0000000      0.0000000      0.0000000      0.0000000      0.0000000      0.0000000      0.0000000      0.0000000      0.0000000      0.0000000

average velocity: 
6418.7246


attenuation:
              0              1              2              3              4              5              6              7              8              9             10
  0      0.0000000      21.893715      30.370940      32.789924      32.802085      33.548299      33.905693      30.627014      33.772127      33.846339      38.316344
  1      0.0000000      0.0000000      38.848378      38.238221      36.444628      36.461788      36.308163      32.082287      35.468772      35.340358      40.141164
  2      0.0000000      0.0000000      0.0000000      37.628092      35.241816      35.665590      35.673206      30.728581      34.905073      34.839157      40.302890
  3      0.0000000      0.0000000      0.0000000      0.0000000      32.849749      34.682664      35.021748      29.002940      34.359862      34.374270      40.685160
  4      0.0000000      0.0000000      0.0000000      0.0000000      0.0000000      35.971274      36.107010      27.650585      34.691899      34.665944      41.987971
  5      0.0000000      0.0000000      0.0000000      0.0000000      0.0000000      0.0000000      35.694226      23.324697      34.145618      34.221637      43.087523
  6      0.0000000      0.0000000      0.0000000      0.0000000      0.0000000      0.0000000      0.0000000      10.925213      33.360150      33.725421      44.932749
  7      0.0000000      0.0000000      0.0000000      0.0000000      0.0000000      0.0000000      0.0000000      0.0000000      55.787524      45.118805      56.262772
  8      0.0000000      0.0000000      0.0000000      0.0000000      0.0000000      0.0000000      0.0000000      0.0000000      0.0000000      34.451161      56.500269
  9      0.0000000      0.0000000      0.0000000      0.0000000      0.0000000      0.0000000      0.0000000      0.0000000      0.0000000      0.0000000      78.550555
 10      0.0000000      0.0000000      0.0000000      0.0000000      0.0000000      0.0000000      0.0000000      0.0000000      0.0000000      0.0000000      0.0000000

average attenuation coefficient: 
36.515092


attenuation coefficient (method 1): 
35.603745


attenuation coefficient (method 2): 
34.974738


***** autocorrelation *****
max #0 = 0.0000000,0.0043655500
max #1 = 4.6820001e-06,0.0038254100
max #2 = 9.3644994e-06,0.0032609800
max #3 = 1.4046999e-05,0.0027787400
max #4 = 1.8728999e-05,0.0025327000
max #5 = 2.3411500e-05,0.0020801800
max #6 = 2.8093998e-05,0.0018442200
max #7 = 3.2776497e-05,0.0017405900
max #8 = 3.7458500e-05,0.0014741400
max #9 = 4.2140498e-05,0.0011937300
max #10 = 4.6822999e-05,0.00092572900


velocity:
              0              1              2              3              4              5              6              7              8              9             10
  0      0.0000000      6419.6132      6419.3791      6419.3180      6419.4629      6419.4132      6419.3804      6419.3557      6419.4211      6419.4715      6419.4417
  1      0.0000000      0.0000000      6419.1603      6419.1682      6419.3920      6419.3237      6419.2757      6419.2364      6419.2993      6419.3418      6419.2934
  2      0.0000000      0.0000000      0.0000000      6419.1484      6419.4644      6419.3190      6419.2299      6419.1620      6419.2182      6419.2494      6419.1780
  3      0.0000000      0.0000000      0.0000000      0.0000000      6419.7501      6419.3594      6419.1981      6419.0930      6419.1470      6419.1688      6419.0733
  4      0.0000000      0.0000000      0.0000000      0.0000000      0.0000000      6418.9403      6418.8806      6418.8202      6418.9310      6418.9766      6418.8745
  5      0.0000000      0.0000000      0.0000000      0.0000000      0.0000000      0.0000000      6418.7955      6418.7234      6418.8807      6418.9289      6418.7956
  6      0.0000000      0.0000000      0.0000000      0.0000000      0.0000000      0.0000000      0.0000000      6418.6291      6418.8914      6418.9327      6418.7470
  7      0.0000000      0.0000000      0.0000000      0.0000000      0.0000000      0.0000000      0.0000000      0.0000000      6419.1348      6419.0575      6418.7521
  8      0.0000000      0.0000000      0.0000000      0.0000000      0.0000000      0.0000000      0.0000000      0.0000000      0.0000000      6418.9643      6418.5381
  9      0.0000000      0.0000000      0.0000000      0.0000000      0.0000000      0.0000000      0.0000000      0.0000000      0.0000000      0.0000000      6418.0987
 10      0.0000000      0.0000000      0.0000000      0.0000000      0.0000000      0.0000000      0.0000000      0.0000000      0.0000000      0.0000000      0.0000000

average velocity: 
6419.1236


attenuation:
              0              1              2              3              4              5              6              7              8              9             10
  0      0.0000000      26.519108      32.239804      35.112087      31.667363      35.851425      34.568461      31.196387      33.604511      36.368838      39.259287
  1      0.0000000      0.0000000      37.959975      39.408226      33.383363      38.184164      36.178307      31.975657      34.616497      37.600053      40.674963
  2      0.0000000      0.0000000      0.0000000      40.856504      31.095122      38.258953      35.732988      30.778699      34.059170      37.548701      41.014486
  3      0.0000000      0.0000000      0.0000000      0.0000000      21.333560      36.960445      34.025219      28.259103      32.699586      36.997436      41.037177
  4      0.0000000      0.0000000      0.0000000      0.0000000      0.0000000      52.582018      40.371056      30.566347      35.540278      40.130025      44.321146
  5      0.0000000      0.0000000      0.0000000      0.0000000      0.0000000      0.0000000      28.161952      19.559234      29.859742      37.017058      42.669396
  6      0.0000000      0.0000000      0.0000000      0.0000000      0.0000000      0.0000000      0.0000000      10.954288      30.709305      39.969386      46.296301
  7      0.0000000      0.0000000      0.0000000      0.0000000      0.0000000      0.0000000      0.0000000      0.0000000      50.461050      54.474339      58.076436
  8      0.0000000      0.0000000      0.0000000      0.0000000      0.0000000      0.0000000      0.0000000      0.0000000      0.0000000      58.488656      61.886048
  9      0.0000000      0.0000000      0.0000000      0.0000000      0.0000000      0.0000000      0.0000000      0.0000000      0.0000000      0.0000000      65.281749
 10      0.0000000      0.0000000      0.0000000      0.0000000      0.0000000      0.0000000      0.0000000      0.0000000      0.0000000      0.0000000      0.0000000

average attenuation coeffficient: 
37.534572


attenuation coefficient (method 1): 
36.575167


attenuation coefficient (method 2): 
35.773265


***** vawelet transform *****
max #0 = 2.3337500e-06,0.0043655500
max #1 = 7.0157500e-06,0.0038254100
max #2 = 1.1697750e-05,0.0032666700
max #3 = 1.6379999e-05,0.0027942400
max #4 = 2.1062499e-05,0.0025363200
max #5 = 2.5744749e-05,0.0020915500
max #6 = 3.0426999e-05,0.0018633500
max #7 = 3.5109501e-05,0.0017343800
max #8 = 3.9855498e-05,0.0015312500
max #9 = 4.4473998e-05,0.0011937300
max #10 = 4.9220497e-05,0.00099499000


velocity:
              0              1              2              3              4              5              6              7              8              9             10
  0      0.0000000      6419.6133      6419.7214      6419.6606      6419.5485      6419.5506      6419.5515      6419.5018      6408.6026      6419.5096      6410.7156
  1      0.0000000      0.0000000      6419.8447      6419.6821      6419.5062      6419.4954      6419.4810      6419.4068      6406.9387      6419.3846      6409.5996
  2      0.0000000      0.0000000      0.0000000      6419.4919      6419.2935      6419.3198      6419.3154      6419.2296      6404.6891      6419.2006      6408.1899
  3      0.0000000      0.0000000      0.0000000      0.0000000      6419.0648      6419.1888      6419.1976      6419.0916      6401.6521      6419.0546      6406.4701
  4      0.0000000      0.0000000      0.0000000      0.0000000      0.0000000      6419.2843      6419.2226      6419.0468      6397.2490      6418.9766      6404.2902
  5      0.0000000      0.0000000      0.0000000      0.0000000      0.0000000      0.0000000      6419.1354      6418.8913      6389.8907      6418.8429      6401.2343
  6      0.0000000      0.0000000      0.0000000      0.0000000      0.0000000      0.0000000      0.0000000      6418.6250      6375.3367      6418.7048      6396.7263
  7      0.0000000      0.0000000      0.0000000      0.0000000      0.0000000      0.0000000      0.0000000      0.0000000      6332.6097      6418.7176      6389.4258
  8      0.0000000      0.0000000      0.0000000      0.0000000      0.0000000      0.0000000      0.0000000      0.0000000      0.0000000      6507.1838      6418.1955
  9      0.0000000      0.0000000      0.0000000      0.0000000      0.0000000      0.0000000      0.0000000      0.0000000      0.0000000      0.0000000      6331.5944
 10      0.0000000      0.0000000      0.0000000      0.0000000      0.0000000      0.0000000      0.0000000      0.0000000      0.0000000      0.0000000      0.0000000

average velocity: 
6412.6354


attenuation:
              0              1              2              3              4              5              6              7              8              9             10
  0      0.0000000      26.519108      31.986942      34.575311      31.563963      35.536309      34.070870      31.344082      32.226432      36.368807      37.185164
  1      0.0000000      0.0000000      37.454988      38.603471      33.245559      37.790452      35.581272      32.148079      33.034064      37.600033      38.367816
  2      0.0000000      0.0000000      0.0000000      39.751904      31.140881      37.901608      35.112939      31.086307      32.291156      37.620729      38.481735
  3      0.0000000      0.0000000      0.0000000      0.0000000      22.530049      36.975756      33.566739      28.919556      30.791576      37.265529      38.301130
  4      0.0000000      0.0000000      0.0000000      0.0000000      0.0000000      51.422728      39.085154      31.049254      32.838143      40.212621      40.928617
  5      0.0000000      0.0000000      0.0000000      0.0000000      0.0000000      0.0000000      26.749490      20.863927      26.726628      37.411328      38.874170
  6      0.0000000      0.0000000      0.0000000      0.0000000      0.0000000      0.0000000      0.0000000      14.971503      26.406074      40.963778      41.846107
  7      0.0000000      0.0000000      0.0000000      0.0000000      0.0000000      0.0000000      0.0000000      0.0000000      38.299387      53.959335      50.937255
  8      0.0000000      0.0000000      0.0000000      0.0000000      0.0000000      0.0000000      0.0000000      0.0000000      0.0000000      68.539245      56.953056
  9      0.0000000      0.0000000      0.0000000      0.0000000      0.0000000      0.0000000      0.0000000      0.0000000      0.0000000      0.0000000      45.020763
 10      0.0000000      0.0000000      0.0000000      0.0000000      0.0000000      0.0000000      0.0000000      0.0000000      0.0000000      0.0000000      0.0000000

average attenuation coeffficient: 
36.199980


attenuation coefficient (method 1): 
35.375593


attenuation coefficient (method 2): 
34.935282


