"F1_D16_15,02 mm_2,5 MHz_00007_results"
***** findmax *****
max #0 = 2.4180000e-06,0.028611671
max #1 = 7.0905000e-06,0.026161679
max #2 = 1.1766000e-05,0.023827984
max #3 = 1.6442000e-05,0.021914250
max #4 = 2.1116500e-05,0.019784721
max #5 = 2.5791000e-05,0.017745645
max #6 = 3.0466000e-05,0.015741459
max #7 = 3.5142000e-05,0.013857446
max #8 = 3.9827500e-05,0.011837753
max #9 = 4.4503500e-05,0.010060991
max #10 = 4.9189000e-05,0.0089303251


velocity:
              0              1              2              3              4              5              6              7              8              9             10
  0      0.0000000      6397.0465      6400.6929      6403.0743      6405.4042      6407.1566      6408.4349      6409.3045      6408.4443      6409.2944      6408.7385
  1      0.0000000      0.0000000      6408.4278      6410.5812      6412.8613      6414.4130      6415.4316      6416.0177      6414.6659      6415.3365      6414.4554
  2      0.0000000      0.0000000      0.0000000      6413.5703      6416.0177      6417.3885      6418.1726      6418.5191      6416.6722      6417.2717      6416.1354
  3      0.0000000      0.0000000      0.0000000      0.0000000      6418.7159      6419.5877      6420.0166      6420.0754      6417.6138      6418.2102      6416.8211
  4      0.0000000      0.0000000      0.0000000      0.0000000      0.0000000      6420.5540      6420.7808      6420.6542      6417.4708      6418.2462      6416.6451
  5      0.0000000      0.0000000      0.0000000      0.0000000      0.0000000      0.0000000      6421.0512      6420.7587      6416.5052      6417.7362      6415.9342
  6      0.0000000      0.0000000      0.0000000      0.0000000      0.0000000      0.0000000      0.0000000      6420.4896      6414.2643      6416.6667      6414.6944
  7      0.0000000      0.0000000      0.0000000      0.0000000      0.0000000      0.0000000      0.0000000      0.0000000      6408.0646      6414.7750      6412.7865
  8      0.0000000      0.0000000      0.0000000      0.0000000      0.0000000      0.0000000      0.0000000      0.0000000      0.0000000      6421.5089      6415.1622
  9      0.0000000      0.0000000      0.0000000      0.0000000      0.0000000      0.0000000      0.0000000      0.0000000      0.0000000      0.0000000      6408.8341
 10      0.0000000      0.0000000      0.0000000      0.0000000      0.0000000      0.0000000      0.0000000      0.0000000      0.0000000      0.0000000      0.0000000

average velocity: 
6414.5119


attenuation:
              0              1              2              3              4              5              6              7              8              9             10
  0      0.0000000     -1.4767586      4.9164283      11.329436      9.6978720      7.5309660      6.4865584      6.2652874      7.4532884      8.7730303      8.7795890
  1      0.0000000      0.0000000      11.503072      17.780250      13.430089      9.7796547      8.0736994      7.5501920      8.7230474      10.049595      9.9147514
  2      0.0000000      0.0000000      0.0000000      23.966935      14.303516      9.1289631      7.1530546      6.7070893      8.2234513      9.8090026      9.6908971
  3      0.0000000      0.0000000      0.0000000      0.0000000      4.6436753      1.7175568      1.5572308      2.4007497      5.0788972      7.4541619      7.6540700
  4      0.0000000      0.0000000      0.0000000      0.0000000      0.0000000     -1.2045129    0.017832379      1.6560903      5.1847681      8.0148374      8.1523148
  5      0.0000000      0.0000000      0.0000000      0.0000000      0.0000000      0.0000000      1.2406518      3.0863824      7.3099184      10.316772      10.019565
  6      0.0000000      0.0000000      0.0000000      0.0000000      0.0000000      0.0000000      0.0000000      4.9315825      10.339827      13.339437      12.210838
  7      0.0000000      0.0000000      0.0000000      0.0000000      0.0000000      0.0000000      0.0000000      0.0000000      15.742348      17.541048      14.634501
  8      0.0000000      0.0000000      0.0000000      0.0000000      0.0000000      0.0000000      0.0000000      0.0000000      0.0000000      19.343523      14.082323
  9      0.0000000      0.0000000      0.0000000      0.0000000      0.0000000      0.0000000      0.0000000      0.0000000      0.0000000      0.0000000      8.8188285
 10      0.0000000      0.0000000      0.0000000      0.0000000      0.0000000      0.0000000      0.0000000      0.0000000      0.0000000      0.0000000      0.0000000

average attenuation coefficient: 
8.5605123


attenuation coefficient (method 1): 
9.0170200


attenuation coefficient (method 2): 
7.8202796


***** autocorrelation *****
max #0 = 0.0000000,0.028606502
max #1 = 4.6755000e-06,0.026122913
max #2 = 9.3510000e-06,0.023809893
max #3 = 1.4026500e-05,0.021878069
max #4 = 1.8703000e-05,0.019698144
max #5 = 2.3380000e-05,0.017661653
max #6 = 2.8057500e-05,0.015661343
max #7 = 3.2735500e-05,0.013750194
max #8 = 3.7413000e-05,0.011773143
max #9 = 4.2090000e-05,0.010013180


velocity:
              0              1              2              3              4              5              6              7              8              9
  0      0.0000000      6392.9863      6398.6574      6401.9416      6403.8733      6405.2498      6406.2770      6407.0643      6407.8476      6408.6122
  1      0.0000000      0.0000000      6408.4278      6410.9226      6412.1779      6413.0455      6413.6532      6414.0791      6414.5681      6415.0798
  2      0.0000000      0.0000000      0.0000000      6414.2541      6414.9912      6415.5628      6415.9469      6416.1903      6416.5580      6416.9781
  3      0.0000000      0.0000000      0.0000000      0.0000000      6415.9764      6416.5047      6416.8188      6416.9915      6417.3397      6417.7533
  4      0.0000000      0.0000000      0.0000000      0.0000000      0.0000000      6417.1273      6417.3536      6417.4553      6417.8134      6418.2462
  5      0.0000000      0.0000000      0.0000000      0.0000000      0.0000000      0.0000000      6417.6234      6417.6737      6418.1039      6418.5929
  6      0.0000000      0.0000000      0.0000000      0.0000000      0.0000000      0.0000000      0.0000000      6417.7473      6418.3742      6418.9510
  7      0.0000000      0.0000000      0.0000000      0.0000000      0.0000000      0.0000000      0.0000000      0.0000000      6419.0151      6419.5714
  8      0.0000000      0.0000000      0.0000000      0.0000000      0.0000000      0.0000000      0.0000000      0.0000000      0.0000000      6420.1369
  9      0.0000000      0.0000000      0.0000000      0.0000000      0.0000000      0.0000000      0.0000000      0.0000000      0.0000000      0.0000000

average velocity: 
6413.7803


attenuation:
              0              1              2              3              4              5              6              7              8              9
  0      0.0000000     -1.0603933      4.9892692      11.473092      10.008566      7.8043993      6.7343089      6.5890663      7.6471093      8.9229471
  1      0.0000000      0.0000000      11.293916      17.805591      13.711658      10.020638      8.2900232      7.8604373      8.8882018      10.168991
  2      0.0000000      0.0000000      0.0000000      24.214461      14.842301      9.5347683      7.4893253      7.1324934      8.4514464      9.9763277
  3      0.0000000      0.0000000      0.0000000      0.0000000      5.4690019      2.1956144      1.9159238      2.8640511      5.3014384      7.6064171
  4      0.0000000      0.0000000      0.0000000      0.0000000      0.0000000     -1.0755902     0.14162810      1.9978089      5.2619564      8.0366902
  5      0.0000000      0.0000000      0.0000000      0.0000000      0.0000000      0.0000000      1.3593200      3.5349247      7.3752688      10.315909
  6      0.0000000      0.0000000      0.0000000      0.0000000      0.0000000      0.0000000      0.0000000      5.7105436      10.383665      13.302140
  7      0.0000000      0.0000000      0.0000000      0.0000000      0.0000000      0.0000000      0.0000000      0.0000000      15.057334      17.098629
  8      0.0000000      0.0000000      0.0000000      0.0000000      0.0000000      0.0000000      0.0000000      0.0000000      0.0000000      19.140224
  9      0.0000000      0.0000000      0.0000000      0.0000000      0.0000000      0.0000000      0.0000000      0.0000000      0.0000000      0.0000000

average attenuation coeffficient: 
8.3507076


attenuation coefficient (method 1): 
8.3186805


attenuation coefficient (method 2): 
7.2444344


***** vawelet transform *****
max #0 = 2.4170000e-06,0.028606502
max #1 = 7.0885000e-06,0.026120329
max #2 = 1.1765000e-05,0.023809893
max #3 = 1.6439000e-05,0.021892283
max #4 = 2.1115000e-05,0.019773091
max #5 = 2.5791000e-05,0.017745645
max #6 = 3.0467000e-05,0.015705277
max #7 = 3.5144000e-05,0.013848400
max #8 = 3.9823000e-05,0.011757637
max #9 = 4.4502500e-05,0.010054530
max #10 = 4.9182000e-05,0.0089174032


velocity:
              0              1              2              3              4              5              6              7              8              9             10
  0      0.0000000      6398.4011      6400.6929      6403.9807      6405.5743      6406.8841      6407.9805      6408.7200      6409.0411      6409.2944      6409.5574
  1      0.0000000      0.0000000      6407.0643      6411.2640      6412.6335      6413.7291      6414.6107      6415.1053      6415.1546      6415.1654      6415.2158
  2      0.0000000      0.0000000      0.0000000      6416.3065      6416.3600      6416.9319      6417.4876      6417.6970      6417.4713      6417.2717      6417.1627
  3      0.0000000      0.0000000      0.0000000      0.0000000      6416.6610      6417.5320      6418.1888      6418.3617      6418.0249      6417.7533      6417.6040
  4      0.0000000      0.0000000      0.0000000      0.0000000      0.0000000      6418.4975      6419.0668      6419.0544      6418.4987      6418.1091      6417.9012
  5      0.0000000      0.0000000      0.0000000      0.0000000      0.0000000      0.0000000      6419.6797      6419.3872      6418.5608      6418.0789      6417.8525
  6      0.0000000      0.0000000      0.0000000      0.0000000      0.0000000      0.0000000      0.0000000      6419.1182      6418.0315      6417.5802      6417.4343
  7      0.0000000      0.0000000      0.0000000      0.0000000      0.0000000      0.0000000      0.0000000      0.0000000      6416.9590      6416.8298      6416.8948
  8      0.0000000      0.0000000      0.0000000      0.0000000      0.0000000      0.0000000      0.0000000      0.0000000      0.0000000      6416.7095      6416.8747
  9      0.0000000      0.0000000      0.0000000      0.0000000      0.0000000      0.0000000      0.0000000      0.0000000      0.0000000      0.0000000      6417.0460
 10      0.0000000      0.0000000      0.0000000      0.0000000      0.0000000      0.0000000      0.0000000      0.0000000      0.0000000      0.0000000      0.0000000

average velocity: 
6414.8918


attenuation:
              0              1              2              3              4              5              6              7              8              9             10
  0      0.0000000     -1.0848637      5.0001130      11.407241      9.7265674      7.5218773      6.5909693      6.2874837      7.6896569      8.7878638      8.8132520
  1      0.0000000      0.0000000      11.237463      17.698228      13.334907      9.6679248      8.1185325      7.5088561      8.9365080      10.016193      9.9081928
  2      0.0000000      0.0000000      0.0000000      23.994715      14.273864      9.0611959      7.2713671      6.7079926      8.5081295      9.8041643      9.7097207
  3      0.0000000      0.0000000      0.0000000      0.0000000      4.5499924      1.5932620      1.6973106      2.3871780      5.4111992      7.4391196      7.6689199
  4      0.0000000      0.0000000      0.0000000      0.0000000      0.0000000     -1.3594219     0.27558044      1.6701261      5.6289102      8.0184714      8.1898202
  5      0.0000000      0.0000000      0.0000000      0.0000000      0.0000000      0.0000000      1.9120636      3.1857431      7.9581679      10.362310      10.098904
  6      0.0000000      0.0000000      0.0000000      0.0000000      0.0000000      0.0000000      0.0000000      4.4588921      10.980004      13.177714      12.144336
  7      0.0000000      0.0000000      0.0000000      0.0000000      0.0000000      0.0000000      0.0000000      0.0000000      17.500093      17.536175      14.705328
  8      0.0000000      0.0000000      0.0000000      0.0000000      0.0000000      0.0000000      0.0000000      0.0000000      0.0000000      17.572173      13.307908
  9      0.0000000      0.0000000      0.0000000      0.0000000      0.0000000      0.0000000      0.0000000      0.0000000      0.0000000      0.0000000      9.0436968
 10      0.0000000      0.0000000      0.0000000      0.0000000      0.0000000      0.0000000      0.0000000      0.0000000      0.0000000      0.0000000      0.0000000

average attenuation coeffficient: 
8.6111289


attenuation coefficient (method 1): 
9.0719973


attenuation coefficient (method 2): 
7.8733074


