"F1_D16_15,02 mm_16 MHz_00004.trc_results"
***** findmax *****
max #0 = 2.3649999e-06,0.0045061400
max #1 = 7.0790000e-06,0.0038566900
max #2 = 1.1760000e-05,0.0032235100
max #3 = 1.6445000e-05,0.0028808200
max #4 = 2.1093500e-05,0.0024737800
max #5 = 2.5808999e-05,0.0020719100
max #6 = 3.0489497e-05,0.0019075400
max #7 = 3.5176498e-05,0.0016878700
max #8 = 3.9855499e-05,0.0013495700
max #9 = 4.4538000e-05,0.0013456900
max #10 = 4.9219999e-05,0.0010531400


velocity:
              0              1              2              3              4              5              6              7              8              9             10
  0      0.0000000      6376.0476      6398.5441      6404.2758      6419.6338      6410.5164      6412.4205      6412.5095      6413.9431      6414.5252      6415.0584
  1      0.0000000      0.0000000      6421.2159      6418.4822      6434.2750      6419.1527      6419.6871      6418.5509      6419.2994      6419.2558      6419.2934
  2      0.0000000      0.0000000      0.0000000      6415.7233      6440.7808      6418.4061      6419.2305      6417.9286      6418.8759      6418.8575      6418.9212
  3      0.0000000      0.0000000      0.0000000      0.0000000      6466.0039      6419.7034      6420.3414      6418.4078      6419.4217      6419.2828      6419.2693
  4      0.0000000      0.0000000      0.0000000      0.0000000      0.0000000      6374.0336      6397.7101      6402.6444      6407.8159      6409.9439      6411.4601
  5      0.0000000      0.0000000      0.0000000      0.0000000      0.0000000      0.0000000      6421.5375      6417.0095      6419.1091      6418.9278      6418.9324
  6      0.0000000      0.0000000      0.0000000      0.0000000      0.0000000      0.0000000      0.0000000      6412.4658      6417.8638      6418.0178      6418.2329
  7      0.0000000      0.0000000      0.0000000      0.0000000      0.0000000      0.0000000      0.0000000      0.0000000      6423.2519      6420.7704      6420.1232
  8      0.0000000      0.0000000      0.0000000      0.0000000      0.0000000      0.0000000      0.0000000      0.0000000      0.0000000      6418.2750      6418.5374
  9      0.0000000      0.0000000      0.0000000      0.0000000      0.0000000      0.0000000      0.0000000      0.0000000      0.0000000      0.0000000      6418.7866
 10      0.0000000      0.0000000      0.0000000      0.0000000      0.0000000      0.0000000      0.0000000      0.0000000      0.0000000      0.0000000      0.0000000

average velocity: 
6416.4235


attenuation:
              0              1              2              3              4              5              6              7              8              9             10
  0      0.0000000      33.536083      38.550302      34.719763      35.659794      37.908103      34.481009      33.773493      37.938898      33.541573      36.453290
  1      0.0000000      0.0000000      43.653565      35.370534      36.417356      39.060474      34.696518      33.849565      38.599763      33.563627      36.793805
  2      0.0000000      0.0000000      0.0000000      27.086099      32.798397      37.526354      32.457349      31.887100      37.756460      32.121973      35.936427
  3      0.0000000      0.0000000      0.0000000      0.0000000      38.502354      42.753790      34.247099      33.088812      39.892032      32.961598      37.200733
  4      0.0000000      0.0000000      0.0000000      0.0000000      0.0000000      46.426972      32.118780      31.208371      40.191181      31.839412      36.980540
  5      0.0000000      0.0000000      0.0000000      0.0000000      0.0000000      0.0000000      17.210883      23.430810      37.985153      28.067502      34.981530
  6      0.0000000      0.0000000      0.0000000      0.0000000      0.0000000      0.0000000      0.0000000      29.528764      48.346943      31.673355      39.415717
  7      0.0000000      0.0000000      0.0000000      0.0000000      0.0000000      0.0000000      0.0000000      0.0000000      67.097939      32.695892      42.676130
  8      0.0000000      0.0000000      0.0000000      0.0000000      0.0000000      0.0000000      0.0000000      0.0000000      0.0000000     -1.6786237      30.479411
  9      0.0000000      0.0000000      0.0000000      0.0000000      0.0000000      0.0000000      0.0000000      0.0000000      0.0000000      0.0000000      62.638626
 10      0.0000000      0.0000000      0.0000000      0.0000000      0.0000000      0.0000000      0.0000000      0.0000000      0.0000000      0.0000000      0.0000000

average attenuation coefficient: 
35.601807


attenuation coefficient (method 1): 
34.934619


attenuation coefficient (method 2): 
35.296408


***** autocorrelation *****
max #0 = 0.0000000,0.0043544400
max #1 = 4.6824998e-06,0.0037460700
max #2 = 9.3644994e-06,0.0030563000
max #3 = 1.4046999e-05,0.0028025100
max #4 = 1.8729499e-05,0.0024228700
max #5 = 2.3412000e-05,0.0018793700
max #6 = 2.8094499e-05,0.0019003000
max #7 = 3.2776999e-05,0.0016199000
max #8 = 3.7459500e-05,0.0012666100
max #9 = 4.2141499e-05,0.0012278400
max #10 = 4.6854999e-05,0.00097638300


velocity:
              0              1              2              3              4              5              6              7              8              9             10
  0      0.0000000      6418.9283      6419.3791      6419.3180      6419.2915      6419.2762      6419.2659      6419.2574      6419.2498      6419.3191      6415.0584
  1      0.0000000      0.0000000      6419.8453      6419.5106      6419.3918      6419.3236      6419.2753      6419.2359      6419.2013      6419.2559      6414.4997
  2      0.0000000      0.0000000      0.0000000      6419.1484      6419.1217      6419.0906      6419.0583      6419.0244      6418.9898      6419.0534      6413.7004
  3      0.0000000      0.0000000      0.0000000      0.0000000      6419.0648      6419.0167      6418.9692      6418.9210      6418.8729      6418.9402      6412.8141
  4      0.0000000      0.0000000      0.0000000      0.0000000      0.0000000      6418.9403      6418.8799      6418.8193      6418.7597      6418.8393      6411.6878
  5      0.0000000      0.0000000      0.0000000      0.0000000      0.0000000      0.0000000      6418.7942      6418.7220      6418.6523      6418.7572      6410.1736
  6      0.0000000      0.0000000      0.0000000      0.0000000      0.0000000      0.0000000      0.0000000      6418.6277      6418.5495      6418.7043      6407.9737
  7      0.0000000      0.0000000      0.0000000      0.0000000      0.0000000      0.0000000      0.0000000      0.0000000      6418.4524      6418.7156      6404.3960
  8      0.0000000      0.0000000      0.0000000      0.0000000      0.0000000      0.0000000      0.0000000      0.0000000      0.0000000      6418.9629      6397.3682
  9      0.0000000      0.0000000      0.0000000      0.0000000      0.0000000      0.0000000      0.0000000      0.0000000      0.0000000      0.0000000      6375.9050
 10      0.0000000      0.0000000      0.0000000      0.0000000      0.0000000      0.0000000      0.0000000      0.0000000      0.0000000      0.0000000      0.0000000

average velocity: 
6416.7336


attenuation:
              0              1              2              3              4              5              6              7              8              9             10
  0      0.0000000      31.844700      41.242966      34.045528      34.688144      41.574616      33.002286      34.059350      38.996346      35.381955      37.651262
  1      0.0000000      0.0000000      50.642193      35.146413      35.636256      44.007488      33.234028      34.428628      40.018124      35.824313      38.295497
  2      0.0000000      0.0000000      0.0000000      19.650504      28.133319      41.795009      28.882082      31.185428      38.247014      33.707431      36.752145
  3      0.0000000      0.0000000      0.0000000      0.0000000      36.616200      52.866882      31.959379      34.068910      41.966076      36.050267      39.195645
  4      0.0000000      0.0000000      0.0000000      0.0000000      0.0000000      69.116631      29.631017      33.219394      43.303168      35.937040      39.625095
  5      0.0000000      0.0000000      0.0000000      0.0000000      0.0000000      0.0000000     -9.8527211      15.271503      34.699373      27.642653      33.748366
  6      0.0000000      0.0000000      0.0000000      0.0000000      0.0000000      0.0000000      0.0000000      40.393497      56.973736      40.140889      44.620291
  7      0.0000000      0.0000000      0.0000000      0.0000000      0.0000000      0.0000000      0.0000000      0.0000000      73.554937      40.014032      46.094489
  8      0.0000000      0.0000000      0.0000000      0.0000000      0.0000000      0.0000000      0.0000000      0.0000000      0.0000000      6.4703700      32.429600
  9      0.0000000      0.0000000      0.0000000      0.0000000      0.0000000      0.0000000      0.0000000      0.0000000      0.0000000      0.0000000      58.306583
 10      0.0000000      0.0000000      0.0000000      0.0000000      0.0000000      0.0000000      0.0000000      0.0000000      0.0000000      0.0000000      0.0000000

average attenuation coeffficient: 
36.947933


attenuation coefficient (method 1): 
36.243577


attenuation coefficient (method 2): 
36.381868


***** vawelet transform *****
max #0 = 2.3339998e-06,0.0043544400
max #1 = 7.0159998e-06,0.0037564100
max #2 = 1.1697999e-05,0.0030883500
max #3 = 1.6380750e-05,0.0028025100
max #4 = 2.1063249e-05,0.0024228700
max #5 = 2.5745500e-05,0.0018742000
max #6 = 3.0428499e-05,0.0019003000
max #7 = 3.5110500e-05,0.0016199000
max #8 = 3.9792998e-05,0.0013048600
max #9 = 4.4475498e-05,0.0012278400
max #10 = 4.9220247e-05,0.0010399600


velocity:
              0              1              2              3              4              5              6              7              8              9             10
  0      0.0000000      6419.6133      6419.7219      6419.4316      6419.3771      6419.4132      6419.2659      6419.3551      6419.3357      6419.3192      6410.7839
  1      0.0000000      0.0000000      6419.8458      6419.3386      6419.2776      6419.3236      6419.1383      6419.2356      6419.2017      6419.1704      6409.6755
  2      0.0000000      0.0000000      0.0000000      6418.8039      6418.9502      6419.0904      6418.8868      6419.0240      6418.9902      6418.9556      6408.2750
  3      0.0000000      0.0000000      0.0000000      0.0000000      6419.0661      6419.1888      6418.8555      6419.0066      6418.9422      6418.8835      6406.6653
  4      0.0000000      0.0000000      0.0000000      0.0000000      0.0000000      6419.2829      6418.7086      6418.9331      6418.8460      6418.7711      6404.5175
  5      0.0000000      0.0000000      0.0000000      0.0000000      0.0000000      0.0000000      6418.1090      6418.7214      6418.6532      6418.5863      6401.5072
  6      0.0000000      0.0000000      0.0000000      0.0000000      0.0000000      0.0000000      0.0000000      6419.3116      6418.8935      6418.7048      6397.3218
  7      0.0000000      0.0000000      0.0000000      0.0000000      0.0000000      0.0000000      0.0000000      0.0000000      6418.4565      6418.3744      6389.9912
  8      0.0000000      0.0000000      0.0000000      0.0000000      0.0000000      0.0000000      0.0000000      0.0000000      0.0000000      6418.2764      6375.8305
  9      0.0000000      0.0000000      0.0000000      0.0000000      0.0000000      0.0000000      0.0000000      0.0000000      0.0000000      0.0000000      6333.9288
 10      0.0000000      0.0000000      0.0000000      0.0000000      0.0000000      0.0000000      0.0000000      0.0000000      0.0000000      0.0000000      0.0000000

average velocity: 
6414.4570


attenuation:
              0              1              2              3              4              5              6              7              8              9             10
  0      0.0000000      31.045303      39.733977      34.045313      34.687988      41.734025      33.002286      34.059391      37.921066      35.381955      35.833232
  1      0.0000000      0.0000000      48.422863      35.545104      35.902068      44.405866      33.393608      34.561462      38.903048      35.923978      36.362781
  2      0.0000000      0.0000000      0.0000000      22.667132      29.641694      43.065956      29.636390      31.788693      37.315981      34.138369      34.855089
  3      0.0000000      0.0000000      0.0000000      0.0000000      36.616198      53.265963      31.959545      34.069094      40.245695      36.050282      36.597036
  4      0.0000000      0.0000000      0.0000000      0.0000000      0.0000000      69.916976      29.631257      33.219779      41.152764      35.937039      36.592835
  5      0.0000000      0.0000000      0.0000000      0.0000000      0.0000000      0.0000000     -10.639640      14.873249      31.566358      27.444002      29.971707
  6      0.0000000      0.0000000      0.0000000      0.0000000      0.0000000      0.0000000      0.0000000      40.402351      52.674783      40.140889      40.069595
  7      0.0000000      0.0000000      0.0000000      0.0000000      0.0000000      0.0000000      0.0000000      0.0000000      64.952405      40.015753      40.092244
  8      0.0000000      0.0000000      0.0000000      0.0000000      0.0000000      0.0000000      0.0000000      0.0000000      0.0000000      15.080183      27.797572
  9      0.0000000      0.0000000      0.0000000      0.0000000      0.0000000      0.0000000      0.0000000      0.0000000      0.0000000      0.0000000      40.368087
 10      0.0000000      0.0000000      0.0000000      0.0000000      0.0000000      0.0000000      0.0000000      0.0000000      0.0000000      0.0000000      0.0000000

average attenuation coeffficient: 
35.891611


attenuation coefficient (method 1): 
35.295820


attenuation coefficient (method 2): 
35.777479


