"F1_D16_15,02 mm_16 MHz_00003.trc_results"
***** findmax *****
max #0 = 2.3960000e-06,0.0042492500
max #1 = 7.0469999e-06,0.0039440400
max #2 = 1.1760499e-05,0.0034416300
max #3 = 1.6445000e-05,0.0029247500
max #4 = 2.1093500e-05,0.0024642200
max #5 = 2.5808999e-05,0.0022386000
max #6 = 3.0491000e-05,0.0019581900
max #7 = 3.5172999e-05,0.0016237700
max #8 = 3.9886498e-05,0.0013206200
max #9 = 4.4475499e-05,0.0011159400
max #10 = 4.9250998e-05,0.0010190200


velocity:
              0              1              2              3              4              5              6              7              8              9             10
  0      0.0000000      6462.3891      6419.3794      6418.4039      6430.2750      6419.0023      6419.1515      6419.2574      6413.9433      6428.7753      6415.0586
  1      0.0000000      0.0000000      6376.9518      6396.6320      6419.6199      6408.2067      6410.5150      6412.0482      6406.9875      6424.4857      6409.7133
  2      0.0000000      0.0000000      0.0000000      6416.4065      6441.1251      6418.6340      6418.8865      6419.0243      6411.9170      6431.2153      6413.7005
  3      0.0000000      0.0000000      0.0000000      0.0000000      6466.0039      6419.7034      6419.6545      6419.6066      6410.9349      6433.5922      6413.2054
  4      0.0000000      0.0000000      0.0000000      0.0000000      0.0000000      6374.0336      6396.6871      6404.2352      6397.2494      6427.0727      6404.4038
  5      0.0000000      0.0000000      0.0000000      0.0000000      0.0000000      0.0000000      6419.4767      6419.4066      6404.9785      6440.4133      6410.4470
  6      0.0000000      0.0000000      0.0000000      0.0000000      0.0000000      0.0000000      0.0000000      6419.3144      6397.7223      6447.3817      6408.1451
  7      0.0000000      0.0000000      0.0000000      0.0000000      0.0000000      0.0000000      0.0000000      0.0000000      6376.2562      6461.4804      6404.3964
  8      0.0000000      0.0000000      0.0000000      0.0000000      0.0000000      0.0000000      0.0000000      0.0000000      0.0000000      6548.9978      6418.5374
  9      0.0000000      0.0000000      0.0000000      0.0000000      0.0000000      0.0000000      0.0000000      0.0000000      0.0000000      0.0000000      6293.1591
 10      0.0000000      0.0000000      0.0000000      0.0000000      0.0000000      0.0000000      0.0000000      0.0000000      0.0000000      0.0000000      0.0000000

average velocity: 
6417.0582


attenuation:
              0              1              2              3              4              5              6              7              8              9             10
  0      0.0000000      9.7860535      20.541159      27.575536      31.677885      30.045208      30.377901      32.950701      36.601111      37.658986      35.708350
  1      0.0000000      0.0000000      31.260690      36.441217      38.968428      35.065305      34.488184      36.787733      40.408239      41.136946      38.582169
  2      0.0000000      0.0000000      0.0000000      41.641184      42.823433      36.379559      35.296345      37.914041      41.947082      42.554903      39.498958
  3      0.0000000      0.0000000      0.0000000      0.0000000      43.997842      33.754793      33.180954      36.984040      42.005839      42.709039      39.193206
  4      0.0000000      0.0000000      0.0000000      0.0000000      0.0000000      22.933491      27.771913      34.571940      41.450604      42.441801      38.388707
  5      0.0000000      0.0000000      0.0000000      0.0000000      0.0000000      0.0000000      32.036233      40.213856      47.535605      47.133591      41.390772
  6      0.0000000      0.0000000      0.0000000      0.0000000      0.0000000      0.0000000      0.0000000      48.389305      55.133429      52.268113      43.699728
  7      0.0000000      0.0000000      0.0000000      0.0000000      0.0000000      0.0000000      0.0000000      0.0000000      62.126838      53.946486      42.204964
  8      0.0000000      0.0000000      0.0000000      0.0000000      0.0000000      0.0000000      0.0000000      0.0000000      0.0000000      44.790180      32.105861
  9      0.0000000      0.0000000      0.0000000      0.0000000      0.0000000      0.0000000      0.0000000      0.0000000      0.0000000      0.0000000      18.930931
 10      0.0000000      0.0000000      0.0000000      0.0000000      0.0000000      0.0000000      0.0000000      0.0000000      0.0000000      0.0000000      0.0000000

average attenuation coefficient: 
37.916498


attenuation coefficient (method 1): 
37.685888


attenuation coefficient (method 2): 
36.732814


***** autocorrelation *****
max #0 = 0.0000000,0.0041975700
max #1 = 4.6820001e-06,0.0038499700
max #2 = 9.3644994e-06,0.0033261100
max #3 = 1.4046999e-05,0.0027094700
max #4 = 1.8729499e-05,0.0023665300
max #5 = 2.3412000e-05,0.0020372700
max #6 = 2.8094499e-05,0.0018956500
max #7 = 3.2807999e-05,0.0015707900
max #8 = 3.7490499e-05,0.0012666100
max #9 = 4.2173000e-05,0.0010968200
max #10 = 4.6854500e-05,0.00098904600


velocity:
              0              1              2              3              4              5              6              7              8              9             10
  0      0.0000000      6419.6132      6419.3791      6419.3180      6419.2915      6419.2762      6419.2659      6413.1933      6413.9432      6414.5252      6415.1267
  1      0.0000000      0.0000000      6419.1603      6419.1682      6419.1635      6419.1524      6419.1383      6412.0482      6413.0398      6413.7780      6414.4996
  2      0.0000000      0.0000000      0.0000000      6419.1484      6419.1217      6419.0906      6419.0583      6410.5384      6411.9169      6412.8917      6413.7857
  3      0.0000000      0.0000000      0.0000000      0.0000000      6419.0648      6419.0167      6418.9692      6408.3174      6410.3876      6411.7530      6412.9117
  4      0.0000000      0.0000000      0.0000000      0.0000000      0.0000000      6418.9403      6418.8799      6404.6895      6408.1570      6410.2170      6411.8015
  5      0.0000000      0.0000000      0.0000000      0.0000000      0.0000000      0.0000000      6418.7942      6397.5513      6404.5237      6407.9832      6410.3100
  6      0.0000000      0.0000000      0.0000000      0.0000000      0.0000000      0.0000000      0.0000000      6376.4267      6397.3806      6404.3472      6408.1441
  7      0.0000000      0.0000000      0.0000000      0.0000000      0.0000000      0.0000000      0.0000000      0.0000000      6418.4537      6418.3723      6418.7525
  8      0.0000000      0.0000000      0.0000000      0.0000000      0.0000000      0.0000000      0.0000000      0.0000000      0.0000000      6418.2750      6418.8793
  9      0.0000000      0.0000000      0.0000000      0.0000000      0.0000000      0.0000000      0.0000000      0.0000000      0.0000000      0.0000000      6419.4705
 10      0.0000000      0.0000000      0.0000000      0.0000000      0.0000000      0.0000000      0.0000000      0.0000000      0.0000000      0.0000000      0.0000000

average velocity: 
6413.7891


attenuation:
              0              1              2              3              4              5              6              7              8              9             10
  0      0.0000000      13.323119      23.708016      33.763340      33.736701      34.787577      31.352225      33.813123      37.668073      37.832365      36.217702
  1      0.0000000      0.0000000      34.092387      43.983100      40.541016      40.153168      34.957972      37.222977      41.142061      40.894047      38.760446
  2      0.0000000      0.0000000      0.0000000      53.873840      43.765384      42.173244      35.174466      37.844869      42.314080      41.864972      39.343958
  3      0.0000000      0.0000000      0.0000000      0.0000000      33.656995      36.322566      28.941445      33.831431      39.998265      39.862982      37.268664
  4      0.0000000      0.0000000      0.0000000      0.0000000      0.0000000      38.987205      26.583719      33.871898      41.574155      41.101814      37.870160
  5      0.0000000      0.0000000      0.0000000      0.0000000      0.0000000      0.0000000      14.182108      31.399176      42.477327      41.661078      37.667993
  6      0.0000000      0.0000000      0.0000000      0.0000000      0.0000000      0.0000000      0.0000000      48.049471      56.475378      50.766318      43.511570
  7      0.0000000      0.0000000      0.0000000      0.0000000      0.0000000      0.0000000      0.0000000      0.0000000      64.653421      51.878726      41.806798
  8      0.0000000      0.0000000      0.0000000      0.0000000      0.0000000      0.0000000      0.0000000      0.0000000      0.0000000      39.105105      30.382330
  9      0.0000000      0.0000000      0.0000000      0.0000000      0.0000000      0.0000000      0.0000000      0.0000000      0.0000000      0.0000000      21.662163
 10      0.0000000      0.0000000      0.0000000      0.0000000      0.0000000      0.0000000      0.0000000      0.0000000      0.0000000      0.0000000      0.0000000

average attenuation coeffficient: 
37.997354


attenuation coefficient (method 1): 
37.661948


attenuation coefficient (method 2): 
37.319546


***** vawelet transform *****
max #0 = 2.3337500e-06,0.0041975700
max #1 = 7.0157497e-06,0.0038499700
max #2 = 1.1698000e-05,0.0033452300
max #3 = 1.6380500e-05,0.0027094700
max #4 = 2.1062249e-05,0.0023884900
max #5 = 2.5807500e-05,0.0022021600
max #6 = 3.0428250e-05,0.0018956500
max #7 = 3.5173501e-05,0.0016069700
max #8 = 3.9855250e-05,0.0012480000
max #9 = 4.4538998e-05,0.0010515900
max #10 = 4.9219500e-05,0.0010172200


velocity:
              0              1              2              3              4              5              6              7              8              9             10
  0      0.0000000      6419.6137      6419.5500      6419.4317      6419.6342      6402.3934      6419.2657      6406.9938      6408.6450      6409.6251      6410.8519
  1      0.0000000      0.0000000      6419.5016      6419.3385      6419.6203      6398.0633      6419.1380      6404.8192      6406.9870      6408.2671      6409.7510
  2      0.0000000      0.0000000      0.0000000      6419.1479      6419.6362      6390.8905      6418.9725      6401.8018      6404.8024      6406.5476      6408.4028
  3      0.0000000      0.0000000      0.0000000      0.0000000      6420.0942      6376.8108      6418.8550      6397.4081      6401.8563      6404.3555      6406.7622
  4      0.0000000      0.0000000      0.0000000      0.0000000      0.0000000      6334.0796      6418.1941      6389.8285      6397.2483      6401.1415      6404.4600
  5      0.0000000      0.0000000      0.0000000      0.0000000      0.0000000      0.0000000      6504.5459      6418.0356      6418.5381      6418.0724      6418.6583
  6      0.0000000      0.0000000      0.0000000      0.0000000      0.0000000      0.0000000      0.0000000      6333.7746      6376.3501      6389.7164      6397.4913
  7      0.0000000      0.0000000      0.0000000      0.0000000      0.0000000      0.0000000      0.0000000      0.0000000      6419.4830      6418.0325      6418.9818
  8      0.0000000      0.0000000      0.0000000      0.0000000      0.0000000      0.0000000      0.0000000      0.0000000      0.0000000      6416.5668      6418.7087
  9      0.0000000      0.0000000      0.0000000      0.0000000      0.0000000      0.0000000      0.0000000      0.0000000      0.0000000      0.0000000      6420.8387
 10      0.0000000      0.0000000      0.0000000      0.0000000      0.0000000      0.0000000      0.0000000      0.0000000      0.0000000      0.0000000      0.0000000

average velocity: 
6408.5560


attenuation:
              0              1              2              3              4              5              6              7              8              9             10
  0      0.0000000      13.323117      22.878918      33.763125      33.068401      30.274820      31.352226      32.870479      38.201023      39.189375      35.411524
  1      0.0000000      0.0000000      32.434562      43.982914      39.650204      34.487071      34.957972      36.117940      41.747340      42.418519      37.863370
  2      0.0000000      0.0000000      0.0000000      55.531214      43.258084      35.139329      35.588921      36.846016      43.293563      43.843159      38.541802
  3      0.0000000      0.0000000      0.0000000      0.0000000      30.984652      24.870893      28.941612      32.163252      40.838835      41.894285      36.115558
  4      0.0000000      0.0000000      0.0000000      0.0000000      0.0000000      18.217039      27.920037      32.519710      43.282698      44.071061      36.969624
  5      0.0000000      0.0000000      0.0000000      0.0000000      0.0000000      0.0000000      35.546600      39.345440      51.402657      50.303001      40.515010
  6      0.0000000      0.0000000      0.0000000      0.0000000      0.0000000      0.0000000      0.0000000      40.944703      58.468876      54.809359      41.490509
  7      0.0000000      0.0000000      0.0000000      0.0000000      0.0000000      0.0000000      0.0000000      0.0000000      75.518101      61.260783      41.293160
  8      0.0000000      0.0000000      0.0000000      0.0000000      0.0000000      0.0000000      0.0000000      0.0000000      0.0000000      47.019743      24.183141
  9      0.0000000      0.0000000      0.0000000      0.0000000      0.0000000      0.0000000      0.0000000      0.0000000      0.0000000      0.0000000      1.3555762
 10      0.0000000      0.0000000      0.0000000      0.0000000      0.0000000      0.0000000      0.0000000      0.0000000      0.0000000      0.0000000      0.0000000

average attenuation coeffficient: 
37.968744


attenuation coefficient (method 1): 
37.807003


attenuation coefficient (method 2): 
37.033934


