"F1_D16_15,02 mm_2,5 MHz_00000_results"
***** findmax *****
max #0 = 1.8448500e-05,0.020437356
max #1 = 2.3121500e-05,0.018491310
max #2 = 2.7795000e-05,0.016540096
max #3 = 3.2478000e-05,0.014539778
max #4 = 3.7155500e-05,0.012761718
max #5 = 4.1829500e-05,0.011149058
max #6 = 4.6507500e-05,0.0094976332
max #7 = 5.1186000e-05,0.0083113982
max #8 = 5.5867000e-05,0.0070553847
max #9 = 6.0552500e-05,0.0058536433
max #10 = 6.5232500e-05,0.0052669868


velocity:
              0              1              2              3              4              5              6              7              8              9             10
  0      0.0000000      6396.3695      6401.7111      6400.5830      6402.5131      6404.9775      6405.9364      6406.6749      6406.9102      6406.4907      6406.9651
  1      0.0000000      0.0000000      6411.1563      6407.1697      6409.2185      6411.8494      6412.5592      6413.0532      6413.0047      6412.2581      6412.5553
  2      0.0000000      0.0000000      0.0000000      6404.0121      6409.1807      6413.0541      6413.8937      6414.4106      6414.2761      6413.3597      6413.6540
  3      0.0000000      0.0000000      0.0000000      0.0000000      6414.6075      6417.8746      6417.5037      6417.3340      6416.6547      6415.2419      6415.3535
  4      0.0000000      0.0000000      0.0000000      0.0000000      0.0000000      6421.2398      6419.0668      6418.3690      6417.2995      6415.5059      6415.6177
  5      0.0000000      0.0000000      0.0000000      0.0000000      0.0000000      0.0000000      6416.9383      6416.9886      6416.0486      6414.1405      6414.5647
  6      0.0000000      0.0000000      0.0000000      0.0000000      0.0000000      0.0000000      0.0000000      6417.0621      6415.6337      6413.2431      6414.0099
  7      0.0000000      0.0000000      0.0000000      0.0000000      0.0000000      0.0000000      0.0000000      0.0000000      6414.2197      6411.3534      6413.0146
  8      0.0000000      0.0000000      0.0000000      0.0000000      0.0000000      0.0000000      0.0000000      0.0000000      0.0000000      6408.4987      6412.4242
  9      0.0000000      0.0000000      0.0000000      0.0000000      0.0000000      0.0000000      0.0000000      0.0000000      0.0000000      0.0000000      6416.3609
 10      0.0000000      0.0000000      0.0000000      0.0000000      0.0000000      0.0000000      0.0000000      0.0000000      0.0000000      0.0000000      0.0000000

average velocity: 
6412.2539


attenuation:
              0              1              2              3              4              5              6              7              8              9             10
  0      0.0000000      1.5787487      9.0599379      18.446235      17.084490      14.963301      14.633622      13.495433      14.003611      15.374992      14.324436
  1      0.0000000      0.0000000      16.786088      26.916674      22.255263      18.304047      17.237036      15.474233      15.771898      17.093186      15.735398
  2      0.0000000      0.0000000      0.0000000      37.177723      25.010189      18.790960      17.329206      15.192439      15.587056      17.126562      15.594002
  3      0.0000000      0.0000000      0.0000000      0.0000000      12.853339      9.6192184      10.734638      9.7164873      11.286877      13.799285      12.524330
  4      0.0000000      0.0000000      0.0000000      0.0000000      0.0000000      6.4021881      9.6846304      8.6774711      10.899154      13.989157      12.470258
  5      0.0000000      0.0000000      0.0000000      0.0000000      0.0000000      0.0000000      12.960503      9.8095610      12.392304      15.878945      13.678024
  6      0.0000000      0.0000000      0.0000000      0.0000000      0.0000000      0.0000000      0.0000000      6.6586337      12.107222      16.849459      13.855763
  7      0.0000000      0.0000000      0.0000000      0.0000000      0.0000000      0.0000000      0.0000000      0.0000000      17.554475      21.942553      16.253339
  8      0.0000000      0.0000000      0.0000000      0.0000000      0.0000000      0.0000000      0.0000000      0.0000000      0.0000000      26.329009      15.602309
  9      0.0000000      0.0000000      0.0000000      0.0000000      0.0000000      0.0000000      0.0000000      0.0000000      0.0000000      0.0000000      4.8770284
 10      0.0000000      0.0000000      0.0000000      0.0000000      0.0000000      0.0000000      0.0000000      0.0000000      0.0000000      0.0000000      0.0000000

average attenuation coefficient: 
14.904599


attenuation coefficient (method 1): 
15.505070


attenuation coefficient (method 2): 
14.526762


***** autocorrelation *****
max #0 = 0.0000000,0.020393421
max #1 = 4.6760000e-06,0.018442207
max #2 = 9.3530000e-06,0.016428967
max #3 = 1.4030500e-05,0.014467415
max #4 = 1.8708000e-05,0.012637667
max #5 = 2.3386000e-05,0.010973320
max #6 = 2.8064500e-05,0.0093890889
max #7 = 3.2744500e-05,0.0082803856
max #8 = 3.7423000e-05,0.0070114501
max #9 = 4.2104000e-05,0.0058122931


velocity:
              0              1              2              3              4              5              6              7              8              9
  0      0.0000000      6392.3101      6397.3011      6400.1302      6402.1731      6403.6163      6404.6878      6405.3122      6406.1434      6406.4907
  1      0.0000000      0.0000000      6406.3828      6408.5339      6410.1288      6411.1661      6411.8757      6412.1416      6412.7116      6412.7710
  2      0.0000000      0.0000000      0.0000000      6411.5197      6412.9393      6413.7381      6414.2358      6414.2737      6414.7324      6414.6306
  3      0.0000000      0.0000000      0.0000000      0.0000000      6414.6075      6415.1354      6415.4492      6415.2795      6415.6959      6415.4702
  4      0.0000000      0.0000000      0.0000000      0.0000000      0.0000000      6415.7576      6415.9837      6415.6288      6416.1007      6415.7798
  5      0.0000000      0.0000000      0.0000000      0.0000000      0.0000000      0.0000000      6416.2534      6415.6187      6416.2769      6415.8523
  6      0.0000000      0.0000000      0.0000000      0.0000000      0.0000000      0.0000000      0.0000000      6415.0074      6416.3186      6415.7534
  7      0.0000000      0.0000000      0.0000000      0.0000000      0.0000000      0.0000000      0.0000000      0.0000000      6417.6442      6416.1447
  8      0.0000000      0.0000000      0.0000000      0.0000000      0.0000000      0.0000000      0.0000000      0.0000000      0.0000000      6414.6548
  9      0.0000000      0.0000000      0.0000000      0.0000000      0.0000000      0.0000000      0.0000000      0.0000000      0.0000000      0.0000000

average velocity: 
6411.7858


attenuation:
              0              1              2              3              4              5              6              7              8              9
  0      0.0000000      1.7652023      9.6999483      18.720423      17.636524      15.764451      15.089957      13.567232      14.154872      15.533604
  1      0.0000000      0.0000000      17.868975      27.256915      22.938042      19.262942      17.750671      15.529671      15.921111      17.251648
  2      0.0000000      0.0000000      0.0000000      36.554512      25.394449      19.664384      17.669343      15.019948      15.559796      17.132529
  3      0.0000000      0.0000000      0.0000000      0.0000000      14.235097      11.222483      11.378428      9.6401259      11.365200      13.899308
  4      0.0000000      0.0000000      0.0000000      0.0000000      0.0000000      8.2120507      9.9523359      8.1096371      10.649540      13.833254
  5      0.0000000      0.0000000      0.0000000      0.0000000      0.0000000      0.0000000      11.693094      8.0579931      11.462341      15.238406
  6      0.0000000      0.0000000      0.0000000      0.0000000      0.0000000      0.0000000      0.0000000      4.4218157      11.346918      16.419786
  7      0.0000000      0.0000000      0.0000000      0.0000000      0.0000000      0.0000000      0.0000000      0.0000000      18.273197      22.419189
  8      0.0000000      0.0000000      0.0000000      0.0000000      0.0000000      0.0000000      0.0000000      0.0000000      0.0000000      26.564327
  9      0.0000000      0.0000000      0.0000000      0.0000000      0.0000000      0.0000000      0.0000000      0.0000000      0.0000000      0.0000000

average attenuation coeffficient: 
15.357815


attenuation coefficient (method 1): 
15.429232


attenuation coefficient (method 2): 
14.444336


***** vawelet transform *****
max #0 = 1.8448500e-05,0.020393421
max #1 = 2.3123000e-05,0.018442207
max #2 = 2.7798000e-05,0.016454811
max #3 = 3.2473000e-05,0.014526856
max #4 = 3.7148500e-05,0.012658342
max #5 = 4.1826000e-05,0.011019839
max #6 = 4.6505000e-05,0.0094743737
max #7 = 5.1184500e-05,0.0082829699
max #8 = 5.5865500e-05,0.0070243720
max #9 = 6.0547500e-05,0.0057993712
max #10 = 6.4835000e-05,0.0049387693


velocity:
              0              1              2              3              4              5              6              7              8              9             10
  0      0.0000000      6394.3392      6399.6750      6402.8477      6404.8938      6405.9307      6406.5040      6406.9670      6407.1658      6407.2482      6461.6392
  1      0.0000000      0.0000000      6409.1097      6411.6054      6413.0891      6413.5582      6413.6532      6413.7371      6413.5909      6413.3694      6473.7696
  2      0.0000000      0.0000000      0.0000000      6414.9381      6416.0177      6416.0191      6415.7757      6415.6426      6415.3028      6414.9239      6482.9058
  3      0.0000000      0.0000000      0.0000000      0.0000000      6417.3459      6416.8471      6416.3622      6416.1354      6415.6959      6415.2419      6493.0684
  4      0.0000000      0.0000000      0.0000000      0.0000000      0.0000000      6416.4423      6415.9837      6415.8571      6415.4159      6414.9582      6506.0125
  5      0.0000000      0.0000000      0.0000000      0.0000000      0.0000000      0.0000000      6415.5685      6415.6187      6415.1355      6414.6540      6524.3051
  6      0.0000000      0.0000000      0.0000000      0.0000000      0.0000000      0.0000000      0.0000000      6415.6922      6414.9489      6414.3839      6552.1120
  7      0.0000000      0.0000000      0.0000000      0.0000000      0.0000000      0.0000000      0.0000000      0.0000000      6414.2197      6413.7482      6598.9110
  8      0.0000000      0.0000000      0.0000000      0.0000000      0.0000000      0.0000000      0.0000000      0.0000000      0.0000000      6413.2858      6695.3214
  9      0.0000000      0.0000000      0.0000000      0.0000000      0.0000000      0.0000000      0.0000000      0.0000000      0.0000000      0.0000000      7003.3159
 10      0.0000000      0.0000000      0.0000000      0.0000000      0.0000000      0.0000000      0.0000000      0.0000000      0.0000000      0.0000000      0.0000000

average velocity: 
6442.9237


attenuation:
              0              1              2              3              4              5              6              7              8              9             10
  0      0.0000000      1.7452390      9.4853225      18.320886      17.506371      15.508245      14.645293      13.546721      14.083959      15.602122      15.927255
  1      0.0000000      0.0000000      17.470187      26.671656      22.772671      18.948004      17.220753      15.508640      15.841984      17.330162      17.537249
  2      0.0000000      0.0000000      0.0000000      35.770267      25.341700      19.380988      17.113870      15.081035      15.542545      17.287453      17.326305
  3      0.0000000      0.0000000      0.0000000      0.0000000      14.912947      11.186419      10.894615      9.9080933      11.495831      14.205322      14.799562
  4      0.0000000      0.0000000      0.0000000      0.0000000      0.0000000      7.4564883      8.8813831      8.2360000      10.637429      14.059425      14.900916
  5      0.0000000      0.0000000      0.0000000      0.0000000      0.0000000      0.0000000      10.304737      8.6244657      11.696080      15.708227      16.478989
  6      0.0000000      0.0000000      0.0000000      0.0000000      0.0000000      0.0000000      0.0000000      6.9442080      12.391237      17.508591      18.093370
  7      0.0000000      0.0000000      0.0000000      0.0000000      0.0000000      0.0000000      0.0000000      0.0000000      17.837557      22.789968      21.872908
  8      0.0000000      0.0000000      0.0000000      0.0000000      0.0000000      0.0000000      0.0000000      0.0000000      0.0000000      27.742103      23.958591
  9      0.0000000      0.0000000      0.0000000      0.0000000      0.0000000      0.0000000      0.0000000      0.0000000      0.0000000      0.0000000      20.282199
 10      0.0000000      0.0000000      0.0000000      0.0000000      0.0000000      0.0000000      0.0000000      0.0000000      0.0000000      0.0000000      0.0000000

average attenuation coeffficient: 
15.860446


attenuation coefficient (method 1): 
16.227339


attenuation coefficient (method 2): 
14.902005


