"F1_D16_15,02 mm_10 MHz_00004.trc_results"
***** findmax *****
max #0 = 2.4029998e-06,0.0082932800
max #1 = 7.0849997e-06,0.0073693600
max #2 = 1.1769500e-05,0.0064661200
max #3 = 1.6452999e-05,0.0060409900
max #4 = 2.1136999e-05,0.0057424900
max #5 = 2.5820500e-05,0.0051726400
max #6 = 3.0505500e-05,0.0044606400
max #7 = 3.5190500e-05,0.0042810300
max #8 = 3.9869999e-05,0.0037085900
max #9 = 4.4554497e-05,0.0033648600
max #10 = 4.9239999e-05,0.0030728300


velocity:
              0              1              2              3              4              5              6              7              8              9             10
  0      0.0000000      6419.6136      6418.0083      6417.9474      6417.7499      6417.7688      6417.4387      6417.2019      6417.9651      6417.7967      6417.5232
  1      0.0000000      0.0000000      6416.4190      6417.1124      6417.1082      6417.2682      6416.9458      6416.7238      6417.6354      6417.4577      6417.1618
  2      0.0000000      0.0000000      0.0000000      6417.7784      6417.4095      6417.4922      6417.0029      6416.6952      6417.7340      6417.4879      6417.1228
  3      0.0000000      0.0000000      0.0000000      0.0000000      6417.0103      6417.3043      6416.6856      6416.3521      6417.6399      6417.3421      6416.9203
  4      0.0000000      0.0000000      0.0000000      0.0000000      0.0000000      6417.5698      6416.4817      6416.0790      6417.7322      6417.3326      6416.8194
  5      0.0000000      0.0000000      0.0000000      0.0000000      0.0000000      0.0000000      6415.3686      6415.2972      6417.7391      6417.2164      6416.6036
  6      0.0000000      0.0000000      0.0000000      0.0000000      0.0000000      0.0000000      0.0000000      6415.2036      6418.8931      6417.7921      6416.8638
  7      0.0000000      0.0000000      0.0000000      0.0000000      0.0000000      0.0000000      0.0000000      0.0000000      6422.5680      6419.0601      6417.3831
  8      0.0000000      0.0000000      0.0000000      0.0000000      0.0000000      0.0000000      0.0000000      0.0000000      0.0000000      6415.5400      6414.7712
  9      0.0000000      0.0000000      0.0000000      0.0000000      0.0000000      0.0000000      0.0000000      0.0000000      0.0000000      0.0000000      6413.9894
 10      0.0000000      0.0000000      0.0000000      0.0000000      0.0000000      0.0000000      0.0000000      0.0000000      0.0000000      0.0000000      0.0000000

average velocity: 
6417.2205


attenuation:
              0              1              2              3              4              5              6              7              8              9             10
  0      0.0000000      22.481542      26.048637      22.115838      18.882680      20.281037      22.932019      20.527415      23.452207      23.692752      23.125606
  1      0.0000000      0.0000000      29.612189      21.930944      17.681665      19.728349      23.021219      20.199792      23.589717      23.843508      23.196753
  2      0.0000000      0.0000000      0.0000000      14.250080      11.716499      16.434769      21.373578      18.317349      22.586377      23.019598      22.394990
  3      0.0000000      0.0000000      0.0000000      0.0000000      9.1832533      17.526094      23.748335      19.333220      24.253458      24.481182      23.558703
  4      0.0000000      0.0000000      0.0000000      0.0000000      0.0000000      25.872375      31.030905      22.715274      28.021506      27.540873      25.954695
  5      0.0000000      0.0000000      0.0000000      0.0000000      0.0000000      0.0000000      36.217237      21.145506      28.737276      27.958985      25.973599
  6      0.0000000      0.0000000      0.0000000      0.0000000      0.0000000      0.0000000      0.0000000      6.0715633      25.021685      25.215426      23.416789
  7      0.0000000      0.0000000      0.0000000      0.0000000      0.0000000      0.0000000      0.0000000      0.0000000      43.925802      34.764239      29.188526
  8      0.0000000      0.0000000      0.0000000      0.0000000      0.0000000      0.0000000      0.0000000      0.0000000      0.0000000      25.641601      21.843412
  9      0.0000000      0.0000000      0.0000000      0.0000000      0.0000000      0.0000000      0.0000000      0.0000000      0.0000000      0.0000000      18.042146
 10      0.0000000      0.0000000      0.0000000      0.0000000      0.0000000      0.0000000      0.0000000      0.0000000      0.0000000      0.0000000      0.0000000

average attenuation coefficient: 
23.142196


attenuation coefficient (method 1): 
22.552879


attenuation coefficient (method 2): 
22.454946


***** autocorrelation *****
max #0 = 0.0000000,0.0029009700
max #1 = 4.6834998e-06,0.0021915500
max #2 = 9.3669996e-06,0.0020713800
max #3 = 1.4050999e-05,0.0017431600
max #4 = 1.8734500e-05,0.0017302400
max #5 = 2.3417999e-05,0.0016333300
max #6 = 2.8101998e-05,0.0012611800
max #7 = 3.2785498e-05,0.0011616800
max #8 = 3.7469497e-05,0.0011823500
max #9 = 4.2152500e-05,0.00094976000


velocity:
              0              1              2              3              4              5              6              7              8              9
  0      0.0000000      6417.5582      6417.6661      6417.4909      6417.5785      6417.6322      6417.5532      6417.5938      6417.5374      6417.6441
  1      0.0000000      0.0000000      6417.7893      6417.4551      6417.5646      6417.6112      6417.4942      6417.5233      6417.4401      6417.5429
  2      0.0000000      0.0000000      0.0000000      6417.0933      6417.4088      6417.4927      6417.3458      6417.3806      6417.2778      6417.3894
  3      0.0000000      0.0000000      0.0000000      0.0000000      6417.6941      6417.6475      6417.3711      6417.3801      6417.2296      6417.3415
  4      0.0000000      0.0000000      0.0000000      0.0000000      0.0000000      6417.5724      6417.1681      6417.2217      6417.0483      6417.1951
  5      0.0000000      0.0000000      0.0000000      0.0000000      0.0000000      0.0000000      6416.7384      6417.0095      6416.8264      6417.0439
  6      0.0000000      0.0000000      0.0000000      0.0000000      0.0000000      0.0000000      0.0000000      6417.2585      6416.8385      6417.1052
  7      0.0000000      0.0000000      0.0000000      0.0000000      0.0000000      0.0000000      0.0000000      0.0000000      6416.3997      6417.0015
  8      0.0000000      0.0000000      0.0000000      0.0000000      0.0000000      0.0000000      0.0000000      0.0000000      0.0000000      6417.5875
  9      0.0000000      0.0000000      0.0000000      0.0000000      0.0000000      0.0000000      0.0000000      0.0000000      0.0000000      0.0000000

average velocity: 
6417.3498


attenuation:
              0              1              2              3              4              5              6              7              8              9
  0      0.0000000      69.423098      38.766152      40.667038      29.670413      26.200402      33.188928      31.016315      26.804199      30.585170
  1      0.0000000      0.0000000      8.1094303      26.288925      16.419560      15.394756      25.942167      24.615131      20.715678      25.730514
  2      0.0000000      0.0000000      0.0000000      44.468268      20.574662      17.822771      30.400447      27.915980      22.816418      28.247817
  3      0.0000000      0.0000000      0.0000000      0.0000000     -3.3191438      4.5009273      25.711204      23.777965      18.485990      25.544460
  4      0.0000000      0.0000000      0.0000000      0.0000000      0.0000000      12.320084      40.226407      32.809634      23.936606      31.317067
  5      0.0000000      0.0000000      0.0000000      0.0000000      0.0000000      0.0000000      68.143280      43.056488      27.810775      36.067790
  6      0.0000000      0.0000000      0.0000000      0.0000000      0.0000000      0.0000000      0.0000000      17.976716      7.6452220      25.377446
  7      0.0000000      0.0000000      0.0000000      0.0000000      0.0000000      0.0000000      0.0000000      0.0000000     -2.6810897      29.079323
  8      0.0000000      0.0000000      0.0000000      0.0000000      0.0000000      0.0000000      0.0000000      0.0000000      0.0000000      60.833186
  9      0.0000000      0.0000000      0.0000000      0.0000000      0.0000000      0.0000000      0.0000000      0.0000000      0.0000000      0.0000000

average attenuation coeffficient: 
27.342324


attenuation coefficient (method 1): 
26.744877


attenuation coefficient (method 2): 
27.415827


***** vawelet transform *****
max #0 = 2.1190000e-06,0.0029009700
max #1 = 6.8014999e-06,0.0024887600
max #2 = 1.1485250e-05,0.0022975100
max #3 = 1.6168999e-05,0.0021476200
max #4 = 2.0852999e-05,0.0018413700
max #5 = 2.5536748e-05,0.0016333300
max #6 = 3.0221498e-05,0.0011939800
max #7 = 3.4905248e-05,0.0010014500
max #8 = 3.9588998e-05,0.0010931900
max #9 = 4.4271249e-05,0.0010195400
max #10 = 4.8956748e-05,0.00072491900


velocity:
              0              1              2              3              4              5              6              7              8              9             10
  0      0.0000000      6418.9283      6418.1796      6417.9474      6417.7499      6417.7008      6417.4391      6417.4469      6417.4517      6417.6822      6417.4207
  1      0.0000000      0.0000000      6417.4463      6417.4549      6417.3365      6417.3545      6417.0832      6417.1237      6417.1465      6417.4146      6417.1241
  2      0.0000000      0.0000000      0.0000000      6417.4359      6417.2382      6417.2648      6416.9179      6416.9696      6416.9924      6417.2918      6416.9519
  3      0.0000000      0.0000000      0.0000000      0.0000000      6417.0102      6417.1343      6416.6864      6416.7807      6416.8186      6417.1705      6416.7739
  4      0.0000000      0.0000000      0.0000000      0.0000000      0.0000000      6417.2299      6416.4830      6416.6505      6416.7055      6417.1266      6416.6486
  5      0.0000000      0.0000000      0.0000000      0.0000000      0.0000000      0.0000000      6415.7109      6416.3240      6416.4835      6417.0440      6416.4666
  6      0.0000000      0.0000000      0.0000000      0.0000000      0.0000000      0.0000000      0.0000000      6416.9151      6416.8381      6417.4479      6416.6070
  7      0.0000000      0.0000000      0.0000000      0.0000000      0.0000000      0.0000000      0.0000000      0.0000000      6416.7422      6417.6873      6416.4701
  8      0.0000000      0.0000000      0.0000000      0.0000000      0.0000000      0.0000000      0.0000000      0.0000000      0.0000000      6418.6167      6416.3114
  9      0.0000000      0.0000000      0.0000000      0.0000000      0.0000000      0.0000000      0.0000000      0.0000000      0.0000000      0.0000000      6413.9944
 10      0.0000000      0.0000000      0.0000000      0.0000000      0.0000000      0.0000000      0.0000000      0.0000000      0.0000000      0.0000000      0.0000000

average velocity: 
6417.0795


attenuation:
              0              1              2              3              4              5              6              7              8              9             10
  0      0.0000000      32.646163      23.785654      20.555160      25.170313      26.200455      35.827827      37.146867      29.637919      28.307406      34.514958
  1      0.0000000      0.0000000      14.923470      14.508448      22.677482      24.587292      36.463565      37.895762      29.207116      27.764631      34.722339
  2      0.0000000      0.0000000      0.0000000      14.093454      26.554533      27.808262      41.848684      42.489897      31.587445      29.599118      37.197333
  3      0.0000000      0.0000000      0.0000000      0.0000000      39.015815      34.664970      51.100630      49.588512      35.085857      32.183407      40.498035
  4      0.0000000      0.0000000      0.0000000      0.0000000      0.0000000      30.315395      57.143066      53.112184      34.102990      30.816976      40.745142
  5      0.0000000      0.0000000      0.0000000      0.0000000      0.0000000      0.0000000      83.989934      64.514002      35.367518      30.942890      42.833033
  6      0.0000000      0.0000000      0.0000000      0.0000000      0.0000000      0.0000000      0.0000000      45.054313      11.064121      13.267163      32.546334
  7      0.0000000      0.0000000      0.0000000      0.0000000      0.0000000      0.0000000      0.0000000      0.0000000     -22.925128     -2.6310609      28.379088
  8      0.0000000      0.0000000      0.0000000      0.0000000      0.0000000      0.0000000      0.0000000      0.0000000      0.0000000      17.652633      54.032626
  9      0.0000000      0.0000000      0.0000000      0.0000000      0.0000000      0.0000000      0.0000000      0.0000000      0.0000000      0.0000000      90.403179
 10      0.0000000      0.0000000      0.0000000      0.0000000      0.0000000      0.0000000      0.0000000      0.0000000      0.0000000      0.0000000      0.0000000

average attenuation coeffficient: 
33.465185


attenuation coefficient (method 1): 
33.013347


attenuation coefficient (method 2): 
32.201871


