"F1_D16_15,02 mm_10 MHz_00007.trc_results"
***** findmax *****
max #0 = 2.4034998e-06,0.0082713100
max #1 = 7.0874999e-06,0.0072918300
max #2 = 1.1770499e-05,0.0067465200
max #3 = 1.6453499e-05,0.0059802600
max #4 = 2.1139500e-05,0.0056714200
max #5 = 2.5821499e-05,0.0051170700
max #6 = 3.0503999e-05,0.0045149100
max #7 = 3.5190500e-05,0.0040510200
max #8 = 3.9874998e-05,0.0036607700
max #9 = 4.4556000e-05,0.0032602000
max #10 = 4.9242000e-05,0.0029668700


velocity:
              0              1              2              3              4              5              6              7              8              9             10
  0      0.0000000      6416.8730      6417.6661      6417.9473      6417.0647      6417.6322      6417.8954      6417.2997      6417.1948      6417.6441      6417.3176
  1      0.0000000      0.0000000      6418.4747      6418.4824      6417.1078      6417.7825      6418.0419      6417.2945      6417.1465      6417.6286      6417.2378
  2      0.0000000      0.0000000      0.0000000      6418.4625      6416.3812      6417.4926      6417.8591      6416.9690      6416.8210      6417.3894      6416.9514
  3      0.0000000      0.0000000      0.0000000      0.0000000      6414.2709      6416.9629      6417.5991      6416.5234      6416.4077      6417.1133      6416.6267
  4      0.0000000      0.0000000      0.0000000      0.0000000      0.0000000      6419.6287      6419.2229      6417.2208      6416.8770      6417.6062      6416.9335
  5      0.0000000      0.0000000      0.0000000      0.0000000      0.0000000      0.0000000      6418.7917      6415.9808      6415.9130      6417.0439      6416.3290
  6      0.0000000      0.0000000      0.0000000      0.0000000      0.0000000      0.0000000      0.0000000      6413.1501      6414.4429      6416.4210      6415.6651
  7      0.0000000      0.0000000      0.0000000      0.0000000      0.0000000      0.0000000      0.0000000      0.0000000      6415.7172      6418.0306      6416.4697
  8      0.0000000      0.0000000      0.0000000      0.0000000      0.0000000      0.0000000      0.0000000      0.0000000      0.0000000      6420.3297      6416.8233
  9      0.0000000      0.0000000      0.0000000      0.0000000      0.0000000      0.0000000      0.0000000      0.0000000      0.0000000      0.0000000      6413.3075
 10      0.0000000      0.0000000      0.0000000      0.0000000      0.0000000      0.0000000      0.0000000      0.0000000      0.0000000      0.0000000      0.0000000

average velocity: 
6417.0812


attenuation:
              0              1              2              3              4              5              6              7              8              9             10
  0      0.0000000      24.782378      19.528811      22.833996      19.592395      20.752152      22.220644      22.699020      23.825085      24.622801      24.063837
  1      0.0000000      0.0000000      14.277041      21.861167      17.862579      19.745563      21.708844      22.352046      23.688448      24.603210      23.984268
  2      0.0000000      0.0000000      0.0000000      29.445319      19.655308      21.567248      23.566889      23.966232      25.256273      26.078296      25.197780
  3      0.0000000      0.0000000      0.0000000      0.0000000      9.8669873      17.625269      21.607627      22.595207      24.417446      25.517049      24.591183
  4      0.0000000      0.0000000      0.0000000      0.0000000      0.0000000      25.417701      27.478331      26.841497      28.057167      28.647976      27.045517
  5      0.0000000      0.0000000      0.0000000      0.0000000      0.0000000      0.0000000      29.549536      27.567555      28.947430      29.462771      27.379241
  6      0.0000000      0.0000000      0.0000000      0.0000000      0.0000000      0.0000000      0.0000000      25.509655      28.616276      29.425091      26.828633
  7      0.0000000      0.0000000      0.0000000      0.0000000      0.0000000      0.0000000      0.0000000      0.0000000      31.706990      31.353610      27.253055
  8      0.0000000      0.0000000      0.0000000      0.0000000      0.0000000      0.0000000      0.0000000      0.0000000      0.0000000      30.974560      25.022854
  9      0.0000000      0.0000000      0.0000000      0.0000000      0.0000000      0.0000000      0.0000000      0.0000000      0.0000000      0.0000000      19.056733
 10      0.0000000      0.0000000      0.0000000      0.0000000      0.0000000      0.0000000      0.0000000      0.0000000      0.0000000      0.0000000      0.0000000

average attenuation coefficient: 
24.329101


attenuation coefficient (method 1): 
23.809621


attenuation coefficient (method 2): 
23.598071


***** autocorrelation *****
max #0 = 0.0000000,0.0029888400
max #1 = 4.6834998e-06,0.0023892600
max #2 = 9.3674998e-06,0.0023001000
max #3 = 1.4051499e-05,0.0020067700
max #4 = 1.8735000e-05,0.0019085600
max #5 = 2.3418999e-05,0.0017871000
max #6 = 2.8102999e-05,0.0011901100
max #7 = 3.2786498e-05,0.0012004400
max #8 = 3.7470498e-05,0.0010906100
max #9 = 4.2153999e-05,0.00094071400


velocity:
              0              1              2              3              4              5              6              7              8              9
  0      0.0000000      6417.5582      6417.3235      6417.2625      6417.4072      6417.3580      6417.3248      6417.3980      6417.3661      6417.4159
  1      0.0000000      0.0000000      6417.1041      6417.1125      6417.3362      6417.2685      6417.2201      6417.2949      6417.2443      6417.2863
  2      0.0000000      0.0000000      0.0000000      6417.0933      6417.4088      6417.2642      6417.1745      6417.2435      6417.1636      6417.1940
  3      0.0000000      0.0000000      0.0000000      0.0000000      6417.6941      6417.3048      6417.1427      6417.2088      6417.0925      6417.1135
  4      0.0000000      0.0000000      0.0000000      0.0000000      0.0000000      6416.8871      6416.8255      6416.9933      6416.8770      6416.9215
  5      0.0000000      0.0000000      0.0000000      0.0000000      0.0000000      0.0000000      6416.7385      6417.0096      6416.8264      6416.8733
  6      0.0000000      0.0000000      0.0000000      0.0000000      0.0000000      0.0000000      0.0000000      6417.2585      6416.8385      6416.8776
  7      0.0000000      0.0000000      0.0000000      0.0000000      0.0000000      0.0000000      0.0000000      0.0000000      6416.3995      6416.6602
  8      0.0000000      0.0000000      0.0000000      0.0000000      0.0000000      0.0000000      0.0000000      0.0000000      0.0000000      6416.9050
  9      0.0000000      0.0000000      0.0000000      0.0000000      0.0000000      0.0000000      0.0000000      0.0000000      0.0000000      0.0000000

average velocity: 
6417.1394


attenuation:
              0              1              2              3              4              5              6              7              8              9
  0      0.0000000      53.076494      27.938931      29.970424      24.737298      22.722762      37.422492      30.893114      30.801798      31.851496
  1      0.0000000      0.0000000      2.8008131      18.417015      15.290807      15.133982      34.291661      27.195678      27.619479      29.198366
  2      0.0000000      0.0000000      0.0000000      34.033243      21.535870      19.245098      42.164470      32.074623      31.755844      32.969511
  3      0.0000000      0.0000000      0.0000000      0.0000000      9.0382987      11.851290      44.874948      31.584924      31.300246      32.792256
  4      0.0000000      0.0000000      0.0000000      0.0000000      0.0000000      14.658986      62.793282      39.099482      36.864919      37.542861
  5      0.0000000      0.0000000      0.0000000      0.0000000      0.0000000      0.0000000      110.92949      51.319127      44.266944      43.263868
  6      0.0000000      0.0000000      0.0000000      0.0000000      0.0000000      0.0000000      0.0000000     -8.2842136      10.936370      20.709295
  7      0.0000000      0.0000000      0.0000000      0.0000000      0.0000000      0.0000000      0.0000000      0.0000000      30.162137      35.209603
  8      0.0000000      0.0000000      0.0000000      0.0000000      0.0000000      0.0000000      0.0000000      0.0000000      0.0000000      40.254328
  9      0.0000000      0.0000000      0.0000000      0.0000000      0.0000000      0.0000000      0.0000000      0.0000000      0.0000000      0.0000000

average attenuation coeffficient: 
31.206882


attenuation coefficient (method 1): 
31.104137


attenuation coefficient (method 2): 
30.542477


***** vawelet transform *****
max #0 = 2.1187500e-06,0.0029888400
max #1 = 6.8027496e-06,0.0022199800
max #2 = 1.1486000e-05,0.0023001000
max #3 = 1.6170000e-05,0.0020067700
max #4 = 2.0853750e-05,0.0019085600
max #5 = 2.5538749e-05,0.0015687200
max #6 = 3.0222750e-05,0.0010428000
max #7 = 3.4906498e-05,0.00098594100
max #8 = 3.9590000e-05,0.0010182500
max #9 = 4.4273748e-05,0.00084896900
max #10 = 4.8956749e-05,0.00083475500


velocity:
              0              1              2              3              4              5              6              7              8              9             10
  0      0.0000000      6416.8736      6417.4949      6417.3765      6417.4071      6417.0842      6417.0964      6417.1533      6417.2373      6417.2638      6417.3863
  1      0.0000000      0.0000000      6418.1315      6417.6258      6417.5642      6417.0974      6417.0828      6417.1236      6417.1949      6417.2007      6417.3141
  2      0.0000000      0.0000000      0.0000000      6417.0927      6417.2371      6416.6937      6416.7462      6416.8325      6416.9347      6416.9495      6417.0801
  3      0.0000000      0.0000000      0.0000000      0.0000000      6417.3514      6416.4493      6416.5718      6416.6952      6416.8180      6416.8284      6416.9694
  4      0.0000000      0.0000000      0.0000000      0.0000000      0.0000000      6415.5190      6416.1406      6416.4227      6416.6195      6416.6479      6416.8198
  5      0.0000000      0.0000000      0.0000000      0.0000000      0.0000000      0.0000000      6416.7369      6416.8379      6416.9393      6416.8733      6417.0143
  6      0.0000000      0.0000000      0.0000000      0.0000000      0.0000000      0.0000000      0.0000000      6416.9168      6417.0086      6416.8783      6417.0351
  7      0.0000000      0.0000000      0.0000000      0.0000000      0.0000000      0.0000000      0.0000000      0.0000000      6417.0816      6416.8320      6417.0403
  8      0.0000000      0.0000000      0.0000000      0.0000000      0.0000000      0.0000000      0.0000000      0.0000000      0.0000000      6416.5665      6416.9970
  9      0.0000000      0.0000000      0.0000000      0.0000000      0.0000000      0.0000000      0.0000000      0.0000000      0.0000000      0.0000000      6417.4144
 10      0.0000000      0.0000000      0.0000000      0.0000000      0.0000000      0.0000000      0.0000000      0.0000000      0.0000000      0.0000000      0.0000000

average velocity: 
6416.9873


attenuation:
              0              1              2              3              4              5              6              7              8              9             10
  0      0.0000000      74.326877      27.938508      29.970205      24.737299      30.259625      43.790620      39.024036      33.283025      35.148392      31.298619
  1      0.0000000      0.0000000     -18.448455      7.7925141      8.2078886      19.243028      37.683549      33.140367      27.419764      30.251287      26.517990
  2      0.0000000      0.0000000      0.0000000      34.033243      21.536076      31.805213      51.716640      43.457415      35.063901      37.208300      32.138917
  3      0.0000000      0.0000000      0.0000000      0.0000000      9.0388440      30.689867      57.611271      45.813114      35.269796      37.737489      31.868423
  4      0.0000000      0.0000000      0.0000000      0.0000000      0.0000000      52.329038      81.897474      58.069939      41.826793      43.477049      35.673411
  5      0.0000000      0.0000000      0.0000000      0.0000000      0.0000000      0.0000000      111.45059      60.935103      38.321881      41.260265      32.338690
  6      0.0000000      0.0000000      0.0000000      0.0000000      0.0000000      0.0000000      0.0000000      10.422053      1.7594128      17.864132      12.561669
  7      0.0000000      0.0000000      0.0000000      0.0000000      0.0000000      0.0000000      0.0000000      0.0000000     -6.9043750      21.585653      13.274335
  8      0.0000000      0.0000000      0.0000000      0.0000000      0.0000000      0.0000000      0.0000000      0.0000000      0.0000000      50.078633      23.364070
  9      0.0000000      0.0000000      0.0000000      0.0000000      0.0000000      0.0000000      0.0000000      0.0000000      0.0000000      0.0000000     -3.3486200
 10      0.0000000      0.0000000      0.0000000      0.0000000      0.0000000      0.0000000      0.0000000      0.0000000      0.0000000      0.0000000      0.0000000

average attenuation coeffficient: 
32.996561


attenuation coefficient (method 1): 
33.019189


attenuation coefficient (method 2): 
33.177116


