"F1_D16_15,02 mm_16 MHz_00001.trc_results"
***** findmax *****
max #0 = 2.3649999e-06,0.0045361200
max #1 = 7.0769996e-06,0.0040820400
max #2 = 1.1760000e-05,0.0034375000
max #3 = 1.6379500e-05,0.0028384400
max #4 = 2.1124500e-05,0.0025177100
max #5 = 2.5807499e-05,0.0022491900
max #6 = 3.0488999e-05,0.0018201900
max #7 = 3.5171500e-05,0.0016457400
max #8 = 3.9853498e-05,0.0014516500
max #9 = 4.4532499e-05,0.0012146600
max #10 = 4.9186999e-05,0.0010094600


velocity:
              0              1              2              3              4              5              6              7              8              9             10
  0      0.0000000      6378.7537      6398.5441      6434.2004      6409.0279      6410.9264      6412.5340      6413.4862      6414.2854      6415.3618      6419.5787
  1      0.0000000      0.0000000      6418.4736      6462.2858      6419.1629      6418.9812      6419.2753      6419.2356      6419.2996      6419.8556      6424.0179
  2      0.0000000      0.0000000      0.0000000      6506.6718      6419.4641      6419.0913      6419.4011      6419.2984      6419.3330      6419.9347      6424.5793
  3      0.0000000      0.0000000      0.0000000      0.0000000      6334.5339      6376.1352      6390.7706      6397.7488      6402.0614      6405.6061      6412.9120
  4      0.0000000      0.0000000      0.0000000      0.0000000      0.0000000      6418.2578      6419.2233      6419.0477      6419.1033      6419.9361      6426.0776
  5      0.0000000      0.0000000      0.0000000      0.0000000      0.0000000      0.0000000      6420.1635      6419.4059      6419.3380      6420.2989      6427.5779
  6      0.0000000      0.0000000      0.0000000      0.0000000      0.0000000      0.0000000      0.0000000      6418.6264      6418.8935      6420.3035      6429.3855
  7      0.0000000      0.0000000      0.0000000      0.0000000      0.0000000      0.0000000      0.0000000      0.0000000      6419.1417      6421.1153      6432.9456
  8      0.0000000      0.0000000      0.0000000      0.0000000      0.0000000      0.0000000      0.0000000      0.0000000      0.0000000      6423.0743      6439.8471
  9      0.0000000      0.0000000      0.0000000      0.0000000      0.0000000      0.0000000      0.0000000      0.0000000      0.0000000      0.0000000      6456.6947
 10      0.0000000      0.0000000      0.0000000      0.0000000      0.0000000      0.0000000      0.0000000      0.0000000      0.0000000      0.0000000      0.0000000

average velocity: 
6418.2416


attenuation:
              0              1              2              3              4              5              6              7              8              9             10
  0      0.0000000      19.018052      30.216803      36.730503      34.886534      33.544161      37.059238      35.091856      35.543341      37.045115      37.863649
  1      0.0000000      0.0000000      41.492640      45.661455      40.213947      37.230473      40.691659      37.805053      37.933605      39.318409      39.973809
  2      0.0000000      0.0000000      0.0000000      49.764155      39.574688      35.810296      40.491515      37.067835      37.340661      39.008039      39.784245
  3      0.0000000      0.0000000      0.0000000      0.0000000      29.349028      28.535564      37.382127      33.802064      34.787013      37.187691      38.345584
  4      0.0000000      0.0000000      0.0000000      0.0000000      0.0000000      28.271267      41.408513      35.395615      36.222956      38.781610      39.854662
  5      0.0000000      0.0000000      0.0000000      0.0000000      0.0000000      0.0000000      54.521805      38.953182      38.870321      41.403488      42.148580
  6      0.0000000      0.0000000      0.0000000      0.0000000      0.0000000      0.0000000      0.0000000      23.363876      31.035820      37.031350      39.079433
  7      0.0000000      0.0000000      0.0000000      0.0000000      0.0000000      0.0000000      0.0000000      0.0000000      38.704431      43.850109      44.251543
  8      0.0000000      0.0000000      0.0000000      0.0000000      0.0000000      0.0000000      0.0000000      0.0000000      0.0000000      48.974062      46.964675
  9      0.0000000      0.0000000      0.0000000      0.0000000      0.0000000      0.0000000      0.0000000      0.0000000      0.0000000      0.0000000      45.031218
 10      0.0000000      0.0000000      0.0000000      0.0000000      0.0000000      0.0000000      0.0000000      0.0000000      0.0000000      0.0000000      0.0000000

average attenuation coefficient: 
37.993988


attenuation coefficient (method 1): 
37.398721


attenuation coefficient (method 2): 
37.339209


***** autocorrelation *****
max #0 = 0.0000000,0.0043492700
max #1 = 4.6820001e-06,0.0038884700
max #2 = 9.3644994e-06,0.0033713400
max #3 = 1.4046500e-05,0.0027748600
max #4 = 1.8728999e-05,0.0023848800
max #5 = 2.3410999e-05,0.0020695800
max #6 = 2.8093000e-05,0.0016938100
max #7 = 3.2775501e-05,0.0014849900
max #8 = 3.7457499e-05,0.0013529300
max #9 = 4.2139498e-05,0.0011844300
max #10 = 4.6821999e-05,0.00096837100


velocity:
              0              1              2              3              4              5              6              7              8              9             10
  0      0.0000000      6419.6132      6419.3791      6419.5459      6419.4629      6419.5506      6419.6084      6419.5508      6419.5926      6419.6238      6419.5788
  1      0.0000000      0.0000000      6419.1603      6419.5102      6419.3920      6419.4954      6419.5493      6419.4639      6419.4953      6419.5131      6419.4457
  2      0.0000000      0.0000000      0.0000000      6419.8324      6419.4644      6419.5479      6419.5719      6419.4350      6419.4469      6419.4452      6419.3494
  3      0.0000000      0.0000000      0.0000000      0.0000000      6419.0661      6419.3608      6419.4261      6419.2633      6419.2846      6419.2833      6419.1714
  4      0.0000000      0.0000000      0.0000000      0.0000000      0.0000000      6419.6269      6419.5646      6419.2752      6419.2740      6419.2508      6419.1029
  5      0.0000000      0.0000000      0.0000000      0.0000000      0.0000000      0.0000000      6419.4767      6419.0626      6419.1091      6419.0998      6418.9324
  6      0.0000000      0.0000000      0.0000000      0.0000000      0.0000000      0.0000000      0.0000000      6418.6264      6418.8935      6418.9336      6418.7477
  7      0.0000000      0.0000000      0.0000000      0.0000000      0.0000000      0.0000000      0.0000000      0.0000000      6419.1417      6419.0603      6418.7539
  8      0.0000000      0.0000000      0.0000000      0.0000000      0.0000000      0.0000000      0.0000000      0.0000000      0.0000000      6418.9629      6418.5374
  9      0.0000000      0.0000000      0.0000000      0.0000000      0.0000000      0.0000000      0.0000000      0.0000000      0.0000000      0.0000000      6418.0987
 10      0.0000000      0.0000000      0.0000000      0.0000000      0.0000000      0.0000000      0.0000000      0.0000000      0.0000000      0.0000000      0.0000000

average velocity: 
6419.2911


attenuation:
              0              1              2              3              4              5              6              7              8              9             10
  0      0.0000000      20.711278      26.887934      34.886231      35.744364      35.930908      38.487902      37.602247      36.570697      36.499957      37.848947
  1      0.0000000      0.0000000      33.064067      41.973630      40.755308      39.735658      42.043301      40.417280      38.836222      38.473598      39.753269
  2      0.0000000      0.0000000      0.0000000      50.883376      44.600993      41.959823      44.288208      41.887958      39.798256      39.246478      40.589573
  3      0.0000000      0.0000000      0.0000000      0.0000000      38.318919      37.497023      42.089956      39.638649      37.580870      37.306980      39.119171
  4      0.0000000      0.0000000      0.0000000      0.0000000      0.0000000      36.678574      43.975566      40.078703      37.396416      37.104660      39.252647
  5      0.0000000      0.0000000      0.0000000      0.0000000      0.0000000      0.0000000      51.274486      41.780847      37.637044      37.212655      39.769235
  6      0.0000000      0.0000000      0.0000000      0.0000000      0.0000000      0.0000000      0.0000000      32.275770      30.814302      32.523464      36.891184
  7      0.0000000      0.0000000      0.0000000      0.0000000      0.0000000      0.0000000      0.0000000      0.0000000      29.349501      32.644683      38.429098
  8      0.0000000      0.0000000      0.0000000      0.0000000      0.0000000      0.0000000      0.0000000      0.0000000      0.0000000      35.940938      42.970838
  9      0.0000000      0.0000000      0.0000000      0.0000000      0.0000000      0.0000000      0.0000000      0.0000000      0.0000000      0.0000000      49.999049
 10      0.0000000      0.0000000      0.0000000      0.0000000      0.0000000      0.0000000      0.0000000      0.0000000      0.0000000      0.0000000      0.0000000

average attenuation coeffficient: 
38.455067


attenuation coefficient (method 1): 
38.019593


attenuation coefficient (method 2): 
38.278123


***** vawelet transform *****
max #0 = 2.3339998e-06,0.0043492700
max #1 = 7.0152498e-06,0.0039094100
max #2 = 1.1697499e-05,0.0033785700
max #3 = 1.6379750e-05,0.0028237000
max #4 = 2.1062250e-05,0.0024153700
max #5 = 2.5744499e-05,0.0020974900
max #6 = 3.0489249e-05,0.0018170800
max #7 = 3.5108748e-05,0.0015457200
max #8 = 3.9791750e-05,0.0013565500
max #9 = 4.4472498e-05,0.0011958000
max #10 = 4.9218997e-05,0.00095700000


velocity:
              0              1              2              3              4              5              6              7              8              9             10
  0      0.0000000      6420.6415      6420.0647      6419.8886      6419.7195      6419.6876      6405.4182      6419.6982      6419.5496      6419.7761      6410.9548
  1      0.0000000      0.0000000      6419.5031      6419.5100      6419.3914      6419.4096      6402.3243      6419.4645      6419.2992      6419.5559      6409.7514
  2      0.0000000      0.0000000      0.0000000      6419.4892      6419.2921      6419.3193      6397.9699      6419.3672      6419.1610      6419.4451      6408.4031
  3      0.0000000      0.0000000      0.0000000      0.0000000      6419.0648      6419.1894      6390.7706      6419.2643      6419.0102      6419.3404      6406.7140
  4      0.0000000      0.0000000      0.0000000      0.0000000      0.0000000      6419.2856      6376.6760      6419.2771      6418.9313      6419.3196      6404.5746
  5      0.0000000      0.0000000      0.0000000      0.0000000      0.0000000      0.0000000      6334.6037      6419.2360      6418.7660      6419.2712      6401.5751
  6      0.0000000      0.0000000      0.0000000      0.0000000      0.0000000      0.0000000      0.0000000      6506.1372      6461.6591      6447.9579      6418.4911
  7      0.0000000      0.0000000      0.0000000      0.0000000      0.0000000      0.0000000      0.0000000      0.0000000      6417.7659      6419.2295      6389.7640
  8      0.0000000      0.0000000      0.0000000      0.0000000      0.0000000      0.0000000      0.0000000      0.0000000      0.0000000      6420.6779      6375.8318
  9      0.0000000      0.0000000      0.0000000      0.0000000      0.0000000      0.0000000      0.0000000      0.0000000      0.0000000      0.0000000      6331.5944
 10      0.0000000      0.0000000      0.0000000      0.0000000      0.0000000      0.0000000      0.0000000      0.0000000      0.0000000      0.0000000      0.0000000

average velocity: 
6414.1824


attenuation:
              0              1              2              3              4              5              6              7              8              9             10
  0      0.0000000      19.154833      26.576583      33.203943      34.825600      35.156358      35.127169      35.946678      36.474101      36.192900      38.202416
  1      0.0000000      0.0000000      33.997100      40.227622      40.048546      39.155404      38.313816      38.744529      38.947499      38.322389      40.316161
  2      0.0000000      0.0000000      0.0000000      46.458170      43.074317      40.874534      39.392712      39.693855      39.772331      38.940335      41.105874
  3      0.0000000      0.0000000      0.0000000      0.0000000      39.690652      38.082017      37.045135      38.002529      38.434833      37.687383      40.342089
  4      0.0000000      0.0000000      0.0000000      0.0000000      0.0000000      36.474657      35.722381      37.439970      38.120646      37.286816      40.449658
  5      0.0000000      0.0000000      0.0000000      0.0000000      0.0000000      0.0000000      36.063359      37.922695      38.670661      37.489896      41.288199
  6      0.0000000      0.0000000      0.0000000      0.0000000      0.0000000      0.0000000      0.0000000      42.157644      40.864271      38.398501      42.823370
  7      0.0000000      0.0000000      0.0000000      0.0000000      0.0000000      0.0000000      0.0000000      0.0000000      40.165579      37.057326      43.588206
  8      0.0000000      0.0000000      0.0000000      0.0000000      0.0000000      0.0000000      0.0000000      0.0000000      0.0000000      33.932955      45.432908
  9      0.0000000      0.0000000      0.0000000      0.0000000      0.0000000      0.0000000      0.0000000      0.0000000      0.0000000      0.0000000      56.777900
 10      0.0000000      0.0000000      0.0000000      0.0000000      0.0000000      0.0000000      0.0000000      0.0000000      0.0000000      0.0000000      0.0000000

average attenuation coeffficient: 
38.466509


attenuation coefficient (method 1): 
37.867119


attenuation coefficient (method 2): 
37.691274


