"F1_D16_15,02 mm_2,5 MHz_00005_results"
***** findmax *****
max #0 = 1.8451500e-05,0.020905131
max #1 = 2.3122500e-05,0.018845372
max #2 = 2.7797000e-05,0.016850223
max #3 = 3.2473000e-05,0.014906762
max #4 = 3.7148000e-05,0.012960716
max #5 = 4.1828000e-05,0.011244681
max #6 = 4.6506000e-05,0.0096165152
max #7 = 5.1193500e-05,0.0085620841
max #8 = 5.5869000e-05,0.0071510071
max #9 = 6.0556500e-05,0.0059234219
max #10 = 6.5233000e-05,0.0053858688


velocity:
              0              1              2              3              4              5              6              7              8              9             10
  0      0.0000000      6399.0786      6402.3901      6404.2073      6406.0848      6406.2031      6406.9583      6405.7988      6407.0806      6406.3392      6407.3061
  1      0.0000000      0.0000000      6409.7918      6411.2640      6413.0891      6412.7037      6413.2429      6411.5720      6412.8093      6411.7453      6412.6312
  2      0.0000000      0.0000000      0.0000000      6413.5703      6415.6755      6414.6503      6415.0912      6412.9054      6414.2761      6412.9688      6413.9106
  3      0.0000000      0.0000000      0.0000000      0.0000000      6418.0308      6415.4777      6415.9057      6413.0553      6414.7375      6413.1886      6414.2777
  4      0.0000000      0.0000000      0.0000000      0.0000000      0.0000000      6413.0199      6414.9567      6411.5229      6414.0468      6412.3575      6413.7921
  5      0.0000000      0.0000000      0.0000000      0.0000000      0.0000000      0.0000000      6416.9383      6410.8288      6414.4509      6412.2587      6414.0170
  6      0.0000000      0.0000000      0.0000000      0.0000000      0.0000000      0.0000000      0.0000000      6404.7536      6413.2376      6410.7349      6413.3254
  7      0.0000000      0.0000000      0.0000000      0.0000000      0.0000000      0.0000000      0.0000000      0.0000000      6421.7586      6413.7482      6416.2097
  8      0.0000000      0.0000000      0.0000000      0.0000000      0.0000000      0.0000000      0.0000000      0.0000000      0.0000000      6405.7664      6413.4507
  9      0.0000000      0.0000000      0.0000000      0.0000000      0.0000000      0.0000000      0.0000000      0.0000000      0.0000000      0.0000000      6421.1599
 10      0.0000000      0.0000000      0.0000000      0.0000000      0.0000000      0.0000000      0.0000000      0.0000000      0.0000000      0.0000000      0.0000000

average velocity: 
6412.0064


attenuation:
              0              1              2              3              4              5              6              7              8              9             10
  0      0.0000000      2.6116349      9.6496420      18.219103      17.586125      15.771987      15.119721      13.206790      14.334248      15.721925      14.332157
  1      0.0000000      0.0000000      16.870987      26.065008      22.581738      19.054454      17.611799      14.961782      15.999946      17.352048      15.627427
  2      0.0000000      0.0000000      0.0000000      35.193065      25.366722      19.739249      17.760811      14.561200      15.833519      17.406985      15.457175
  3      0.0000000      0.0000000      0.0000000      0.0000000      15.543011      12.012402      11.951277      9.3996196      11.961101      14.439954      12.636859
  4      0.0000000      0.0000000      0.0000000      0.0000000      0.0000000      8.4672205      10.147403      7.3380590      11.057938      14.209916      12.146020
  5      0.0000000      0.0000000      0.0000000      0.0000000      0.0000000      0.0000000      11.833096      6.7704805      11.922798      15.644630      12.882401
  6      0.0000000      0.0000000      0.0000000      0.0000000      0.0000000      0.0000000      0.0000000      1.6980783      11.965028      16.911340      13.142722
  7      0.0000000      0.0000000      0.0000000      0.0000000      0.0000000      0.0000000      0.0000000      0.0000000      22.239783      24.521542      16.961626
  8      0.0000000      0.0000000      0.0000000      0.0000000      0.0000000      0.0000000      0.0000000      0.0000000      0.0000000      26.798806      14.320478
  9      0.0000000      0.0000000      0.0000000      0.0000000      0.0000000      0.0000000      0.0000000      0.0000000      0.0000000      0.0000000      1.8449408
 10      0.0000000      0.0000000      0.0000000      0.0000000      0.0000000      0.0000000      0.0000000      0.0000000      0.0000000      0.0000000      0.0000000

average attenuation coefficient: 
14.995741


attenuation coefficient (method 1): 
15.607570


attenuation coefficient (method 2): 
14.679528


***** autocorrelation *****
max #0 = 0.0000000,0.020879287
max #1 = 4.6760000e-06,0.018757503
max #2 = 9.3530000e-06,0.016801119
max #3 = 1.4031000e-05,0.014834399
max #4 = 1.8709000e-05,0.012937456
max #5 = 2.3388000e-05,0.011118046
max #6 = 2.8068000e-05,0.0095079708
max #7 = 3.2746500e-05,0.0084897212
max #8 = 3.7426000e-05,0.0070812286
max #9 = 4.2105000e-05,0.0058743185


velocity:
              0              1              2              3              4              5              6              7              8              9
  0      0.0000000      6392.3101      6397.3011      6399.9039      6401.8332      6403.0720      6403.8935      6404.9230      6405.6323      6406.3392
  1      0.0000000      0.0000000      6406.3828      6408.1928      6409.6737      6410.4830      6410.9190      6411.6859      6412.1255      6412.6000
  2      0.0000000      0.0000000      0.0000000      6410.8365      6412.2556      6412.8262      6413.0387      6413.7263      6414.0480      6414.4350
  3      0.0000000      0.0000000      0.0000000      0.0000000      6413.9233      6414.1089      6414.0803      6414.7661      6415.0113      6415.3560
  4      0.0000000      0.0000000      0.0000000      0.0000000      0.0000000      6414.3885      6414.2722      6415.1723      6415.4159      6415.7798
  5      0.0000000      0.0000000      0.0000000      0.0000000      0.0000000      0.0000000      6414.1993      6415.6187      6415.8203      6416.1947
  6      0.0000000      0.0000000      0.0000000      0.0000000      0.0000000      0.0000000      0.0000000      6417.0621      6416.6611      6416.8950
  7      0.0000000      0.0000000      0.0000000      0.0000000      0.0000000      0.0000000      0.0000000      0.0000000      6416.2740      6416.8298
  8      0.0000000      0.0000000      0.0000000      0.0000000      0.0000000      0.0000000      0.0000000      0.0000000      0.0000000      6417.3947
  9      0.0000000      0.0000000      0.0000000      0.0000000      0.0000000      0.0000000      0.0000000      0.0000000      0.0000000      0.0000000

average velocity: 
6411.4147


attenuation:
              0              1              2              3              4              5              6              7              8              9
  0      0.0000000      3.6716250      9.8656036      18.575772      17.645282      16.371058      15.622172      13.510315      14.650131      15.949618
  1      0.0000000      0.0000000      16.293863      26.085346      22.313448      19.543803      18.007141      15.145150      16.214329      17.481240
  2      0.0000000      0.0000000      0.0000000      35.798779      25.253006      20.571281      18.391009      14.876196      16.167132      17.620597
  3      0.0000000      0.0000000      0.0000000      0.0000000      14.707933      12.960063      12.591295      9.6496605      12.245146      14.595523
  4      0.0000000      0.0000000      0.0000000      0.0000000      0.0000000      11.212511      11.532851      7.9651899      11.631262      14.575197
  5      0.0000000      0.0000000      0.0000000      0.0000000      0.0000000      0.0000000      11.852656      6.3427985      11.772134      15.417341
  6      0.0000000      0.0000000      0.0000000      0.0000000      0.0000000      0.0000000      0.0000000     0.83513686      11.733465      16.607090
  7      0.0000000      0.0000000      0.0000000      0.0000000      0.0000000      0.0000000      0.0000000      0.0000000      22.631400      24.492937
  8      0.0000000      0.0000000      0.0000000      0.0000000      0.0000000      0.0000000      0.0000000      0.0000000      0.0000000      26.354776
  9      0.0000000      0.0000000      0.0000000      0.0000000      0.0000000      0.0000000      0.0000000      0.0000000      0.0000000      0.0000000

average attenuation coeffficient: 
15.718450


attenuation coefficient (method 1): 
15.782450


attenuation coefficient (method 2): 
14.735950


***** vawelet transform *****
max #0 = 1.8448500e-05,0.020879287
max #1 = 2.3123500e-05,0.018829866
max #2 = 2.7799000e-05,0.016764938
max #3 = 3.2474000e-05,0.014857658
max #4 = 3.7150500e-05,0.012937456
max #5 = 4.1828500e-05,0.011239512
max #6 = 4.6507500e-05,0.0096010089
max #7 = 5.1187000e-05,0.0084302802
max #8 = 5.5868000e-05,0.0071122413
max #9 = 6.0551000e-05,0.0058355526
max #10 = 6.4838500e-05,0.0050757420


velocity:
              0              1              2              3              4              5              6              7              8              9             10
  0      0.0000000      6393.6627      6398.9966      6402.3946      6404.2134      6405.2498      6405.9364      6406.4802      6406.7398      6406.7179      6461.1537
  1      0.0000000      0.0000000      6408.4278      6411.2640      6412.4057      6412.8746      6413.1061      6413.2812      6413.2000      6412.8565      6473.3049
  2      0.0000000      0.0000000      0.0000000      6414.9381      6415.3334      6415.3346      6415.2623      6415.2318      6414.9605      6414.4350      6482.4689
  3      0.0000000      0.0000000      0.0000000      0.0000000      6415.9764      6415.8200      6415.6775      6415.6218      6415.2851      6414.6714      6492.5675
  4      0.0000000      0.0000000      0.0000000      0.0000000      0.0000000      6415.7576      6415.6413      6415.6288      6415.2448      6414.5474      6505.6604
  5      0.0000000      0.0000000      0.0000000      0.0000000      0.0000000      0.0000000      6415.5685      6415.6187      6415.1355      6414.3117      6524.0218
  6      0.0000000      0.0000000      0.0000000      0.0000000      0.0000000      0.0000000      0.0000000      6415.6922      6414.9489      6413.9275      6551.7549
  7      0.0000000      0.0000000      0.0000000      0.0000000      0.0000000      0.0000000      0.0000000      0.0000000      6414.2197      6413.0638      6598.4280
  8      0.0000000      0.0000000      0.0000000      0.0000000      0.0000000      0.0000000      0.0000000      0.0000000      0.0000000      6411.9173      6694.5756
  9      0.0000000      0.0000000      0.0000000      0.0000000      0.0000000      0.0000000      0.0000000      0.0000000      0.0000000      0.0000000      7003.3159
 10      0.0000000      0.0000000      0.0000000      0.0000000      0.0000000      0.0000000      0.0000000      0.0000000      0.0000000      0.0000000      0.0000000

average velocity: 
6442.4515


attenuation:
              0              1              2              3              4              5              6              7              8              9             10
  0      0.0000000      2.5449916      10.186280      18.420778      17.634785      15.731803      15.142884      13.793365      14.487458      16.160841      15.818754
  1      0.0000000      0.0000000      18.072289      26.423022      22.677334      19.027536      17.658059      15.663305      16.189113      17.858884      17.328029
  2      0.0000000      0.0000000      0.0000000      34.658634      24.897677      19.286354      17.508951      15.144901      15.845823      17.805041      17.014960
  3      0.0000000      0.0000000      0.0000000      0.0000000      15.134642      11.598408      11.790672      10.264940      12.081427      14.993595      14.601826
  4      0.0000000      0.0000000      0.0000000      0.0000000      0.0000000      8.0606306      10.116987      8.6401586      11.316078      14.962487      14.634696
  5      0.0000000      0.0000000      0.0000000      0.0000000      0.0000000      0.0000000      12.172810      8.9294854      12.400303      16.686343      16.039050
  6      0.0000000      0.0000000      0.0000000      0.0000000      0.0000000      0.0000000      0.0000000      5.6861754      12.513534      18.189782      17.076246
  7      0.0000000      0.0000000      0.0000000      0.0000000      0.0000000      0.0000000      0.0000000      0.0000000      19.340184      24.440498      20.935924
  8      0.0000000      0.0000000      0.0000000      0.0000000      0.0000000      0.0000000      0.0000000      0.0000000      0.0000000      29.540149      21.801625
  9      0.0000000      0.0000000      0.0000000      0.0000000      0.0000000      0.0000000      0.0000000      0.0000000      0.0000000      0.0000000      14.170535
 10      0.0000000      0.0000000      0.0000000      0.0000000      0.0000000      0.0000000      0.0000000      0.0000000      0.0000000      0.0000000      0.0000000

average attenuation coeffficient: 
16.020019


attenuation coefficient (method 1): 
16.432365


attenuation coefficient (method 2): 
15.140090


