"F1_D16_15,02 mm_2,5 MHz_00011_results"
***** findmax *****
max #0 = 2.4175000e-06,0.028921797
max #1 = 7.0890000e-06,0.026315449
max #2 = 1.1763000e-05,0.024037318
max #3 = 1.6438500e-05,0.022083527
max #4 = 2.1107500e-05,0.020008270
max #5 = 2.5787500e-05,0.017859358
max #6 = 3.0460500e-05,0.015758257
max #7 = 3.5137000e-05,0.013938854
max #8 = 3.9812000e-05,0.011902362
max #9 = 4.4493000e-05,0.010068744
max #10 = 4.9178000e-05,0.0089768439


velocity:
              0              1              2              3              4              5              6              7              8              9             10
  0      0.0000000      6398.4011      6402.3901      6404.4340      6408.2979      6407.9741      6409.5712      6410.1816      6411.0029      6410.8110      6410.1717
  1      0.0000000      0.0000000      6410.4740      6411.9469      6416.2801      6415.0969      6416.5266      6416.8163      6417.4039      6416.8768      6415.9003
  2      0.0000000      0.0000000      0.0000000      6414.2541      6420.1269      6417.6167      6419.0290      6419.0673      6419.5270      6418.7399      6417.5053
  3      0.0000000      0.0000000      0.0000000      0.0000000      6426.2617      6419.5877      6420.9308      6420.5897      6420.9041      6419.8096      6418.2893
  4      0.0000000      0.0000000      0.0000000      0.0000000      0.0000000      6413.0199      6418.3814      6418.8259      6419.6983      6418.6574      6417.1018
  5      0.0000000      0.0000000      0.0000000      0.0000000      0.0000000      0.0000000      6423.7960      6421.7877      6421.9898      6420.1356      6417.9896
  6      0.0000000      0.0000000      0.0000000      0.0000000      0.0000000      0.0000000      0.0000000      6419.8038      6421.1170      6418.9510      6416.5778
  7      0.0000000      0.0000000      0.0000000      0.0000000      0.0000000      0.0000000      0.0000000      0.0000000      6422.4448      6418.5430      6415.5248
  8      0.0000000      0.0000000      0.0000000      0.0000000      0.0000000      0.0000000      0.0000000      0.0000000      0.0000000      6414.6548      6412.0821
  9      0.0000000      0.0000000      0.0000000      0.0000000      0.0000000      0.0000000      0.0000000      0.0000000      0.0000000      0.0000000      6409.5176
 10      0.0000000      0.0000000      0.0000000      0.0000000      0.0000000      0.0000000      0.0000000      0.0000000      0.0000000      0.0000000      0.0000000

average velocity: 
6416.0618


attenuation:
              0              1              2              3              4              5              6              7              8              9             10
  0      0.0000000   -0.067302868      5.2195568      11.624704      9.6522806      7.7809493      6.9491399      6.4646241      7.6353188      9.0886743      8.9358668
  1      0.0000000      0.0000000      10.710305      17.518393      12.902993      9.7389461      8.3466153      7.5473405      8.7307406      10.228610      9.9318187
  2      0.0000000      0.0000000      0.0000000      24.260478      13.885400      9.3536425      7.6996401      6.8694685      8.3613202      10.128794      9.8111703
  3      0.0000000      0.0000000      0.0000000      0.0000000      3.5234828      1.9065617      2.1885988      2.5300482      5.1898588      7.7797008      7.7506763
  4      0.0000000      0.0000000      0.0000000      0.0000000      0.0000000     0.25273412      1.5021120      2.1833323      5.5943187      8.6185737      8.4419613
  5      0.0000000      0.0000000      0.0000000      0.0000000      0.0000000      0.0000000      2.7670868      3.1592912      7.3842536      10.716534      10.083780
  6      0.0000000      0.0000000      0.0000000      0.0000000      0.0000000      0.0000000      0.0000000      3.5482434      9.6909200      13.363370      11.909046
  7      0.0000000      0.0000000      0.0000000      0.0000000      0.0000000      0.0000000      0.0000000      0.0000000      15.834773      18.270393      14.694433
  8      0.0000000      0.0000000      0.0000000      0.0000000      0.0000000      0.0000000      0.0000000      0.0000000      0.0000000      20.703817      14.121686
  9      0.0000000      0.0000000      0.0000000      0.0000000      0.0000000      0.0000000      0.0000000      0.0000000      0.0000000      0.0000000      7.5386176
 10      0.0000000      0.0000000      0.0000000      0.0000000      0.0000000      0.0000000      0.0000000      0.0000000      0.0000000      0.0000000      0.0000000

average attenuation coefficient: 
8.7374126


attenuation coefficient (method 1): 
9.2010209


attenuation coefficient (method 2): 
7.9991468


***** autocorrelation *****
max #0 = 0.0000000,0.028833928
max #1 = 4.6740000e-06,0.026315449
max #2 = 9.3495000e-06,0.024005014
max #3 = 1.4024000e-05,0.022057683
max #4 = 1.8698500e-05,0.019928154
max #5 = 2.3374000e-05,0.017785703
max #6 = 2.8050000e-05,0.015718199
max #7 = 3.2727000e-05,0.013856153
max #8 = 3.7404000e-05,0.011817078
max #9 = 4.2080500e-05,0.010020933


velocity:
              0              1              2              3              4              5              6              7              8              9
  0      0.0000000      6395.0158      6399.6750      6403.0743      6405.4042      6406.8841      6407.9805      6408.7200      6409.3822      6410.0526
  1      0.0000000      0.0000000      6408.4278      6411.6054      6413.5447      6414.5839      6415.2948      6415.6755      6416.0346      6416.4488
  2      0.0000000      0.0000000      0.0000000      6415.6222      6417.0445      6417.6167      6418.0013      6418.1080      6418.2706      6418.5441
  3      0.0000000      0.0000000      0.0000000      0.0000000      6418.7159      6418.9023      6419.1026      6419.0471      6419.1214      6419.3525
  4      0.0000000      0.0000000      0.0000000      0.0000000      0.0000000      6419.1829      6419.4095      6419.2829      6419.3555      6419.6172
  5      0.0000000      0.0000000      0.0000000      0.0000000      0.0000000      0.0000000      6419.6797      6419.3872      6419.4749      6419.7927
  6      0.0000000      0.0000000      0.0000000      0.0000000      0.0000000      0.0000000      0.0000000      6419.1182      6419.4025      6419.8652
  7      0.0000000      0.0000000      0.0000000      0.0000000      0.0000000      0.0000000      0.0000000      0.0000000      6419.7007      6420.2572
  8      0.0000000      0.0000000      0.0000000      0.0000000      0.0000000      0.0000000      0.0000000      0.0000000      0.0000000      6420.8228
  9      0.0000000      0.0000000      0.0000000      0.0000000      0.0000000      0.0000000      0.0000000      0.0000000      0.0000000      0.0000000

average velocity: 
6415.3245


attenuation:
              0              1              2              3              4              5              6              7              8              9
  0      0.0000000    -0.91397858      4.9595767      11.446460      9.7350635      7.8494150      6.9329436      6.5914578      7.7921489      9.1468181
  1      0.0000000      0.0000000      11.057338      17.686847      13.296911      10.039642      8.4986553      7.8383929      9.0325526      10.402020
  2      0.0000000      0.0000000      0.0000000      24.188914      14.314756      9.6223425      7.7967277      7.1440682      8.6524491      10.271145
  3      0.0000000      0.0000000      0.0000000      0.0000000      4.4413710      2.3416437      2.3360070      2.8861120      5.5484260      7.9549785
  4      0.0000000      0.0000000      0.0000000      0.0000000      0.0000000     0.24223882      1.2839929      2.3679584      5.8255216      8.6583850
  5      0.0000000      0.0000000      0.0000000      0.0000000      0.0000000      0.0000000      2.3262210      3.4308083      7.6866756      10.762760
  6      0.0000000      0.0000000      0.0000000      0.0000000      0.0000000      0.0000000      0.0000000      4.5348650      10.366622      13.574959
  7      0.0000000      0.0000000      0.0000000      0.0000000      0.0000000      0.0000000      0.0000000      0.0000000      16.198614      18.095423
  8      0.0000000      0.0000000      0.0000000      0.0000000      0.0000000      0.0000000      0.0000000      0.0000000      0.0000000      19.992532
  9      0.0000000      0.0000000      0.0000000      0.0000000      0.0000000      0.0000000      0.0000000      0.0000000      0.0000000      0.0000000

average attenuation coeffficient: 
8.5386396


attenuation coefficient (method 1): 
8.5064724


attenuation coefficient (method 2): 
7.3820123


***** vawelet transform *****
max #0 = 2.4155000e-06,0.028833928
max #1 = 7.0855000e-06,0.026270223
max #2 = 1.1761000e-05,0.024014059
max #3 = 1.6434000e-05,0.022039593
max #4 = 2.1109000e-05,0.019975965
max #5 = 2.5784000e-05,0.017799917
max #6 = 3.0458500e-05,0.015720784
max #7 = 3.5134500e-05,0.013881997
max #8 = 3.9812500e-05,0.011868765
max #9 = 4.4491000e-05,0.010031271
max #10 = 4.9170500e-05,0.0088941438


velocity:
              0              1              2              3              4              5              6              7              8              9             10
  0      0.0000000      6400.4340      6402.3901      6405.5675      6407.1060      6408.3830      6409.5712      6410.2790      6410.5763      6410.8110      6410.9226
  1      0.0000000      0.0000000      6408.4278      6412.6299      6414.0005      6415.0969      6416.1159      6416.5881      6416.6214      6416.6200      6416.5089
  2      0.0000000      0.0000000      0.0000000      6417.6754      6417.7293      6418.3017      6419.0290      6419.2044      6418.9558      6418.7399      6418.4474
  3      0.0000000      0.0000000      0.0000000      0.0000000      6418.0308      6418.9023      6419.7880      6419.9040      6419.5327      6419.2383      6418.8768
  4      0.0000000      0.0000000      0.0000000      0.0000000      0.0000000      6419.8684      6420.7808      6420.6542      6420.0412      6419.6172      6419.1578
  5      0.0000000      0.0000000      0.0000000      0.0000000      0.0000000      0.0000000      6421.7372      6421.1017      6420.1606      6419.6213      6419.0863
  6      0.0000000      0.0000000      0.0000000      0.0000000      0.0000000      0.0000000      0.0000000      6420.4896      6419.4025      6418.9510      6418.4623
  7      0.0000000      0.0000000      0.0000000      0.0000000      0.0000000      0.0000000      0.0000000      0.0000000      6418.3296      6418.2003      6417.8084
  8      0.0000000      0.0000000      0.0000000      0.0000000      0.0000000      0.0000000      0.0000000      0.0000000      0.0000000      6418.0800      6417.5599
  9      0.0000000      0.0000000      0.0000000      0.0000000      0.0000000      0.0000000      0.0000000      0.0000000      0.0000000      0.0000000      6417.0460
 10      0.0000000      0.0000000      0.0000000      0.0000000      0.0000000      0.0000000      0.0000000      0.0000000      0.0000000      0.0000000      0.0000000

average velocity: 
6416.3120


attenuation:
              0              1              2              3              4              5              6              7              8              9             10
  0      0.0000000    -0.46955854      4.9196140      11.521576      9.5543656      7.7957424      6.9172396      6.5073248      7.6293239      9.1107095      9.1127669
  1      0.0000000      0.0000000      10.451057      17.559291      12.898965      9.8555973      8.3864414      7.6622773      8.7791792      10.302032      10.172095
  2      0.0000000      0.0000000      0.0000000      24.503093      14.013069      9.5734998      7.8017610      7.0486756      8.4551580      10.242822      10.105138
  3      0.0000000      0.0000000      0.0000000      0.0000000      3.5200272      2.1075352      2.2354736      2.6862439      5.2461853      7.8663330      8.0480685
  4      0.0000000      0.0000000      0.0000000      0.0000000      0.0000000     0.69909127      1.5985980      2.4126564      5.6804322      8.7373321      8.8036646
  5      0.0000000      0.0000000      0.0000000      0.0000000      0.0000000      0.0000000      2.5005927      3.2707086      7.3409390      10.746420      10.423699
  6      0.0000000      0.0000000      0.0000000      0.0000000      0.0000000      0.0000000      0.0000000      4.0397495      9.7594283      13.493276      12.402654
  7      0.0000000      0.0000000      0.0000000      0.0000000      0.0000000      0.0000000      0.0000000      0.0000000      15.478085      18.219089      15.189305
  8      0.0000000      0.0000000      0.0000000      0.0000000      0.0000000      0.0000000      0.0000000      0.0000000      0.0000000      20.960009      15.044708
  9      0.0000000      0.0000000      0.0000000      0.0000000      0.0000000      0.0000000      0.0000000      0.0000000      0.0000000      0.0000000      9.1292133
 10      0.0000000      0.0000000      0.0000000      0.0000000      0.0000000      0.0000000      0.0000000      0.0000000      0.0000000      0.0000000      0.0000000

average attenuation coeffficient: 
8.8736141


attenuation coefficient (method 1): 
9.3301604


attenuation coefficient (method 2): 
8.0906106


